0.0 30.0
0.01001001001001001 29.80177249627096
0.02002002002002002 29.60355463998483
0.03003003003003003 29.40535607858452
0.04004004004004004 29.207186459512943
0.050050050050050046 29.00905543021301
0.06006006006006006 28.810972638127634
0.07007007007007007 28.612947730699716
0.08008008008008008 28.41499035537218
0.09009009009009009 28.217110159587925
0.10010010010010009 28.01931679078987
0.11011011011011011 27.82161989642092
0.12012012012012012 27.624029123923993
0.13013013013013014 27.426554120741994
0.14014014014014015 27.22920453431783
0.15015015015015015 27.031990012094425
0.16016016016016016 26.834920201514677
0.17017017017017017 26.6380047500215
0.18018018018018017 26.441253305057813
0.19019019019019018 26.244675514066515
0.20020020020020018 26.048281024490525
0.21021021021021022 25.852079483772744
0.22022022022022023 25.656080539356097
0.23023023023023023 25.460293838683487
0.24024024024024024 25.26472902919782
0.2502502502502503 25.06939575834201
0.2602602602602603 24.874303673558977
0.2702702702702703 24.679462422291625
0.2802802802802803 24.484881651982857
0.2902902902902903 24.290571010075595
0.3003003003003003 24.09654014401275
0.3103103103103103 23.90279870123722
0.3203203203203203 23.70935632919193
0.3303303303303303 23.516222675319785
0.34034034034034033 23.323407387063693
0.35035035035035034 23.13092011186657
0.36036036036036034 22.938770497171323
0.37037037037037035 22.746968190420866
0.38038038038038036 22.555522839058103
0.39039039039039036 22.364444090525957
0.40040040040040037 22.17374159226733
0.41041041041041043 21.98342499172513
0.42042042042042044 21.793503936342272
0.43043043043043044 21.60398807356167
0.44044044044044045 21.414887050826234
0.45045045045045046 21.226210515578867
0.46046046046046046 21.03796811526249
0.47047047047047047 20.85016949732001
0.4804804804804805 20.662824309194335
0.4904904904904905 20.475942198328376
0.5005005005005005 20.289532812165046
0.5105105105105106 20.103605798147257
0.5205205205205206 19.918170803717913
0.5305305305305306 19.733237476319935
0.5405405405405406 19.54881546339623
0.5505505505505506 19.3649144123897
0.5605605605605606 19.181543970743274
0.5705705705705706 18.998713785899845
0.5805805805805806 18.81643350530233
0.5905905905905906 18.63471277639364
0.6006006006006006 18.453561246616694
0.6106106106106106 18.272988563414387
0.6206206206206206 18.09300437422964
0.6306306306306306 17.913618326505365
0.6406406406406406 17.734840067684466
0.6506506506506506 17.556679245209857
0.6606606606606606 17.379145506524452
0.6706706706706707 17.202248499071157
0.6806806806806807 17.025997870292883
0.6906906906906907 16.85040326763254
0.7007007007007007 16.67547433853305
0.7107107107107107 16.501220730437307
0.7207207207207207 16.32765209078823
0.7307307307307307 16.154778067028733
0.7407407407407407 15.982608306601724
0.7507507507507507 15.811152456950111
0.7607607607607607 15.640420165516808
0.7707707707707707 15.470421079744725
0.7807807807807807 15.30116484707677
0.7907907907907907 15.132661114955859
0.8008008008008007 14.964919530824899
0.8108108108108109 14.797949742126798
0.8208208208208209 14.631761396304476
0.8308308308308309 14.466364140800838
0.8408408408408409 14.301767623058792
0.8508508508508509 14.137981490521254
0.8608608608608609 13.97501539063113
0.8708708708708709 13.812878970831337
0.8808808808808809 13.651581878564782
0.8908908908908909 13.491133761274373
0.9009009009009009 13.331544266403029
0.9109109109109109 13.172823041393654
0.9209209209209209 13.014979733689156
0.9309309309309309 12.858023990732455
0.9409409409409409 12.701965459966454
0.950950950950951 12.54681378883407
0.960960960960961 12.39257862477821
0.970970970970971 12.239269615241783
0.980980980980981 12.086896407667703
0.990990990990991 11.93546864949888
1.001001001001001 11.78499598665513
1.011011011011011 11.635486043910227
1.021021021021021 11.4869404404774
1.031031031031031 11.339359685234177
1.0410410410410411 11.192744287058096
1.0510510510510511 11.047094754826684
1.0610610610610611 10.902411597417478
1.0710710710710711 10.75869532370801
1.0810810810810811 10.615946442575812
1.0910910910910911 10.474165462898416
1.1011011011011012 10.333352893553355
1.1111111111111112 10.193509243418168
1.1211211211211212 10.054635021370377
1.1311311311311312 9.916730736287523
1.1411411411411412 9.779796897047136
1.1511511511511512 9.643834012526748
1.1611611611611612 9.508842591603894
1.1711711711711712 9.374823143156103
1.1811811811811812 9.241776176060915
1.1911911911911912 9.109702199195855
1.2012012012012012 8.978601721438459
1.2112112112112112 8.848475251666262
1.2212212212212212 8.719323298756791
1.2312312312312312 8.591146371587586
1.2412412412412412 8.463944979036173
1.2512512512512513 8.33771962998009
1.2612612612612613 8.212470833296868
1.2712712712712713 8.088199097864038
1.2812812812812813 7.964904932559136
1.2912912912912913 7.842588846259693
1.3013013013013013 7.721251347843242
1.3113113113113113 7.600892946187316
1.3213213213213213 7.481514150169446
1.3313313313313313 7.363115468667168
1.3413413413413413 7.245697410558014
1.3513513513513513 7.129260484719515
1.3613613613613613 7.013805200029204
1.3713713713713713 6.899332065364616
1.3813813813813813 6.785841589603282
1.3913913913913913 6.6733342816227355
1.4014014014014013 6.561810650300509
1.4114114114114114 6.451271204514136
1.4214214214214214 6.341716453141147
1.4314314314314314 6.233146905059077
1.4414414414414414 6.12556306914546
1.4514514514514514 6.018965454277826
1.4614614614614614 5.913354569333709
1.4714714714714714 5.808730923190642
1.4814814814814814 5.705095024726155
1.4914914914914914 5.602447382817787
1.5015015015015014 5.500788506343065
1.5115115115115114 5.400118904179525
1.5215215215215214 5.300439085204698
1.5315315315315314 5.201749558296117
1.5415415415415414 5.104050832331317
1.5515515515515514 5.00734341618783
1.5615615615615615 4.911627818743185
1.5715715715715715 4.816904548874918
1.5815815815815815 4.723174115460564
1.5915915915915915 4.630437027377651
1.6016016016016015 4.538693793503716
1.6116116116116117 4.447944922716287
1.6216216216216217 4.358190923892902
1.6316316316316317 4.269432305911092
1.6416416416416417 4.181669577648388
1.6516516516516517 4.094903247982327
1.6616616616616617 4.009133825790436
1.6716716716716717 3.9243618199502532
1.6816816816816818 3.840587739339307
1.6916916916916918 3.7578120928351324
1.7017017017017018 3.6760353893152633
1.7117117117117118 3.59525813765723
1.7217217217217218 3.5154808467385683
1.7317317317317318 3.436704025436807
1.7417417417417418 3.358928182629482
1.7517517517517518 3.282153827194126
1.7617617617617618 3.2063814680082703
1.7717717717717718 3.1316116139494494
1.7817817817817818 3.057844773895194
1.7917917917917918 2.9850814567230377
1.8018018018018018 2.913322171310515
1.8118118118118118 2.842567426535157
1.8218218218218218 2.7728177312744973
1.8318318318318318 2.704073594406067
1.8418418418418419 2.6363355248074023
1.8518518518518519 2.5696040313560315
1.8618618618618619 2.50387962292949
1.8718718718718719 2.439162808405312
1.8818818818818819 2.3754540966610276
1.8918918918918919 2.312753996574172
1.901901901901902 2.251063017022275
1.911911911911912 2.190381666882871
1.921921921921922 2.1307104550334945
1.931931931931932 2.0720498903516753
1.941941941941942 2.0144004817149495
1.951951951951952 1.9577627380008467
1.961961961961962 1.9021371680869001
1.971971971971972 1.8475242808506454
1.981981981981982 1.793924585169612
1.991991991991992 1.741338589921336
2.002002002002002 1.6897667901347861
2.012012012012012 1.6392067449442882
2.022022022022022 1.589649463115436
2.032032032032032 1.541085067106006
2.042042042042042 1.4935036793737733
2.052052052052052 1.4468954223765151
2.062062062062062 1.4012504185720065
2.0720720720720722 1.356558790418024
2.0820820820820822 1.3128106603723433
2.0920920920920922 1.2699961508927404
2.1021021021021022 1.228105384436992
2.1121121121121122 1.1871284834628735
2.1221221221221223 1.147055570428161
2.1321321321321323 1.1078767677906305
2.1421421421421423 1.0695821980080584
2.1521521521521523 1.03216198353822
2.1621621621621623 0.9956062468388922
2.1721721721721723 0.9599051103678504
2.1821821821821823 0.9250486965828708
2.1921921921921923 0.8910271279417296
2.2022022022022023 0.8578305269022026
2.2122122122122123 0.8254490159220657
2.2222222222222223 0.7938727174590955
2.2322322322322323 0.7630917539710671
2.2422422422422423 0.7330962479157574
2.2522522522522523 0.703876321750942
2.2622622622622623 0.6754220979343972
2.2722722722722724 0.6477236989238985
2.2822822822822824 0.6207712471772222
2.2922922922922924 0.5945548651521447
2.3023023023023024 0.5690646753064414
2.3123123123123124 0.544290800097889
2.3223223223223224 0.5202233619842629
2.3323323323323324 0.4968524834233393
2.3423423423423424 0.4741682868728944
2.3523523523523524 0.4521608947907041
2.3623623623623624 0.4308204296345446
2.3723723723723724 0.4101370138621915
2.3823823823823824 0.39010076993142123
2.3923923923923924 0.37070182030000964
2.4024024024024024 0.35193028742573274
2.4124124124124124 0.33377629376636647
2.4224224224224224 0.31622996177968754
2.4324324324324325 0.29928141392347096
2.4424424424424425 0.2829207726554932
2.4524524524524525 0.2671381604335303
2.4624624624624625 0.2519236997153582
2.4724724724724725 0.2372675129587535
2.4824824824824825 0.22315972262149125
2.4924924924924925 0.20959045116134795
2.5025025025025025 0.19654982103609978
2.5125125125125125 0.1840279547035229
2.5225225225225225 0.17201497462139273
2.5325325325325325 0.16050100324748545
2.5425425425425425 0.14947616303957717
2.5525525525525525 0.13893057645544404
2.5625625625625625 0.1288543659528626
2.5725725725725725 0.11923765398960784
2.5825825825825826 0.11007056302345608
2.5925925925925926 0.10134321551218362
2.6026026026026026 0.09304573391356652
2.6126126126126126 0.0851682406853807
2.6226226226226226 0.07770085828540202
2.6326326326326326 0.07063370917140671
2.6426426426426426 0.06395691580117052
2.6526526526526526 0.05766060063246925
2.6626626626626626 0.051734886123080304
2.6726726726726726 0.04616989473077854
2.6826826826826826 0.04095574891333975
2.6926926926926926 0.03608257112854041
2.7027027027027026 0.031540483834156974
2.7127127127127126 0.027319609487964525
2.7227227227227226 0.02341007054773936
2.7327327327327327 0.01980198947125833
2.7427427427427427 0.016485488716296404
2.7527527527527527 0.0134506907406301
2.7627627627627627 0.010687718002036162
2.7727727727727727 0.008186692958288888
2.7827827827827827 0.005937738067165466
2.7927927927927927 0.003930975786442303
2.8028028028028027 0.0021565285738937012
2.8128128128128127 0.0006045188872976226
2.8228228228228227 -0.0007349308155703005
2.8328328328328327 -0.0018716980769354352
2.8428428428428427 -0.002815660439020262
2.8528528528528527 -0.0035766954440497045
2.8628628628628627 -0.00416468063424702
2.8728728728728727 -0.004589493551836243
2.8828828828828827 -0.004861011739042631
2.8928928928928928 -0.004989112738088108
2.9029029029029028 -0.0049836740911977095
2.9129129129129128 -0.00485457334059558
2.9229229229229228 -0.004611688028505201
2.932932932932933 -0.004264895697151383
2.942942942942943 -0.0038240738887571624
2.952952952952953 -0.0032991001455477953
2.962962962962963 -0.0026998520097456513
2.972972972972973 -0.0020362070235744323
2.982982982982983 -0.0013180427292609487
2.992992992992993 -0.0005552366690264599
3.003003003003003 0.00024237766956163078
3.013013013013013 0.0010683753240374142
3.023023023023023 0.0019221090185764704
3.033033033033033 0.00280349113465872
3.043043043043043 0.003712434053764084
3.053053053053053 0.004648850157372484
3.063063063063063 0.00561265182696384
3.073073073073073 0.006603751444018074
3.083083083083083 0.007622061390015106
3.093093093093093 0.008667494046434857
3.103103103103103 0.009739961794757244
3.113113113113113 0.010839377016462197
3.123123123123123 0.011965652093029631
3.133133133133133 0.013118699405939469
3.143143143143143 0.014298431336671627
3.153153153153153 0.015504760266706032
3.163163163163163 0.0167375985775226
3.173173173173173 0.017996858650601258
3.183183183183183 0.019282452867421924
3.193193193193193 0.020594293609464513
3.203203203203203 0.021932293258208956
3.2132132132132134 0.023296364195135227
3.2232232232232234 0.02468641880172313
3.2332332332332334 0.026102369459452646
3.2432432432432434 0.027544128549803693
3.2532532532532534 0.029011608454256196
3.2632632632632634 0.030504721554290067
3.2732732732732734 0.03202338023138524
3.2832832832832834 0.03356749686702163
3.2932932932932935 0.03513698384267916
3.3033033033033035 0.036731753539837736
3.3133133133133135 0.0383517183399773
3.3233233233233235 0.03999679062457776
3.3333333333333335 0.041666882775119055
3.3433433433433435 0.043361907173081075
3.3533533533533535 0.04508177619994376
3.3633633633633635 0.04682640223718704
3.3733733733733735 0.04859569766629081
3.3833833833833835 0.050389574868735014
3.3933933933933935 0.052207946225999564
3.4034034034034035 0.05405072411956439
3.4134134134134135 0.05591782093090939
3.4234234234234235 0.0578091490415145
3.4334334334334335 0.05972462083285965
3.4434434434434436 0.061664148686424745
3.4534534534534536 0.06362764498368972
3.4634634634634636 0.06561502210613447
3.4734734734734736 0.06762619243523894
3.4834834834834836 0.06966106835248306
3.4934934934934936 0.07171956223934672
3.5035035035035036 0.07380158647730986
3.5135135135135136 0.0759070534478524
3.5235235235235236 0.07803587553245425
3.5335335335335336 0.08018796511259535
3.5435435435435436 0.08236323456975561
3.5535535535535536 0.08456159628541494
3.5635635635635636 0.08678296264105329
3.5735735735735736 0.08902724601815054
3.5835835835835836 0.09129435879818665
3.5935935935935936 0.09358421336264153
3.6036036036036037 0.09589672209299507
3.6136136136136137 0.09823179737072724
3.6236236236236237 0.10058935157731792
3.6336336336336337 0.10296929709424707
3.6436436436436437 0.10537154630299458
3.6536536536536537 0.10779601158504037
3.6636636636636637 0.11024260532186439
3.6736736736736737 0.11271123989494652
3.6836836836836837 0.11520182768576673
3.6936936936936937 0.1177142810758049
3.7037037037037037 0.12024851244654094
3.7137137137137137 0.12280443417945486
3.7237237237237237 0.12538195865602647
3.7337337337337337 0.12798099825773573
3.7437437437437437 0.13060146536606257
3.7537537537537538 0.13324327236248693
3.7637637637637638 0.1359063316284887
3.7737737737737738 0.13859055554554783
3.7837837837837838 0.1412958564951442
3.793793793793794 0.14402214685875775
3.803803803803804 0.14676933901786843
3.813813813813814 0.1495373453539561
3.823823823823824 0.15232607824850072
3.833833833833834 0.1551354500829822
3.843843843843844 0.15796537323888052
3.853853853853854 0.1608157600976755
3.863863863863864 0.1636865230408471
3.873873873873874 0.1665775744498753
3.883883883883884 0.16948882670623994
3.893893893893894 0.172420192191421
3.903903903903904 0.17537158328689834
3.913913913913914 0.17834291237415192
3.923923923923924 0.18133409183466168
3.933933933933934 0.18434503404990749
3.943943943943944 0.1873756514013693
3.953953953953954 0.19042585627052702
3.963963963963964 0.19349556103886062
3.973973973973974 0.19658467808784993
3.983983983983984 0.19969311979897492
3.993993993993994 0.20282079855371554
4.004004004004004 0.2059676267335518
4.014014014014014 0.20913351671996339
4.024024024024024 0.21231838089443034
4.034034034034034 0.21552213163843256
4.044044044044044 0.21874468133345001
4.054054054054054 0.22198594236096256
4.064064064064064 0.22524582710245017
4.074074074074074 0.22852424793939272
4.084084084084084 0.2318211172532702
4.094094094094094 0.23513634742556244
4.104104104104104 0.23846985083774946
4.114114114114114 0.24182153987131108
4.124124124124124 0.24519132690772738
4.134134134134134 0.24857912432847806
4.1441441441441444 0.2519848445150432
4.1541541541541545 0.25540839984890273
4.1641641641641645 0.25884970271153646
4.1741741741741745 0.26230866548442433
4.1841841841841845 0.26578520054904636
4.1941941941941945 0.26927922028688234
4.2042042042042045 0.2727906370794123
4.2142142142142145 0.2763193633081162
4.2242242242242245 0.2798653113544738
4.2342342342342345 0.28342839359996513
4.2442442442442445 0.28700852242607
4.2542542542542545 0.2906056102142685
4.2642642642642645 0.29421956934604043
4.2742742742742745 0.2978503122028658
4.2842842842842845 0.3014977511662244
4.2942942942942945 0.30516179861759635
4.3043043043043046 0.30884236693846134
4.314314314314315 0.31253936851029945
4.324324324324325 0.3162527157145905
4.334334334334335 0.31998232093281453
4.344344344344345 0.3237280965464514
4.354354354354355 0.3274899549369809
4.364364364364365 0.33126780848588316
4.374374374374375 0.33506156957463806
4.384384384384385 0.3388711505847254
4.394394394394395 0.34269646389762526
4.404404404404405 0.34653742189481745
4.414414414414415 0.3503939369577819
4.424424424424425 0.3542659214679985
4.434434434434435 0.3581532878069472
4.444444444444445 0.3620559483561081
4.454454454454455 0.3659738154969609
4.464464464464465 0.3699068016109855
4.474474474474475 0.37385481907966195
4.484484484484485 0.37781778028447016
4.494494494494495 0.38179559760688997
4.504504504504505 0.38578818342840143
4.514514514514515 0.38979545013048433
4.524524524524525 0.3938173100946186
4.534534534534535 0.3978536757022843
4.544544544544545 0.4019044593349612
4.554554554554555 0.4059695733741292
4.564564564564565 0.4100489302012683
4.574574574574575 0.4141424421978585
4.584584584584585 0.4182500217453796
4.594594594594595 0.4223715812253116
4.604604604604605 0.42650703301913434
4.614614614614615 0.4306562895083278
4.624624624624625 0.4348192630743718
4.634634634634635 0.4389958660987464
4.644644644644645 0.4431860109629315
4.654654654654655 0.4473896100484068
4.664664664664665 0.4516065757366526
4.674674674674675 0.4558368204091485
4.684684684684685 0.4600802564473747
4.694694694694695 0.4643367962328109
4.704704704704705 0.46860635214693697
4.714714714714715 0.4728888365712331
4.724724724724725 0.477184161887179
4.734734734734735 0.4814922404762546
4.744744744744745 0.48581298471993994
4.754754754754755 0.49014630699971484
4.764764764764765 0.4944921196970592
4.774774774774775 0.49885033519345306
4.784784784784785 0.5032208658703763
4.794794794794795 0.5076036241093087
4.804804804804805 0.5119985222917303
4.814814814814815 0.5164054727991212
4.824824824824825 0.5208243880129609
4.834834834834835 0.5252551803147297
4.844844844844845 0.5296977620859074
4.854854854854855 0.5341520457079738
4.864864864864865 0.538617943562409
4.874874874874875 0.5430953680306929
4.884884884884885 0.5475842314943052
4.894894894894895 0.5520844463347262
4.904904904904905 0.5565959249334353
4.914914914914915 0.561118579671913
4.924924924924925 0.5656523229316388
4.934934934934935 0.5701970670940929
4.944944944944945 0.5747527245407549
4.954954954954955 0.5793192076531051
4.964964964964965 0.583896428812623
4.974974974974975 0.5884843004007889
4.984984984984985 0.5930827347990827
4.994994994994995 0.5976916443889839
5.005005005005005 0.6023109413494369
5.015015015015015 0.6069405332010533
5.025025025025025 0.6115803228061142
5.035035035035035 0.6162302128243641
5.045045045045045 0.6208901059155475
5.055055055055055 0.625559904739409
5.065065065065065 0.6302395119556933
5.075075075075075 0.6349288302241446
5.085085085085085 0.6396277622045078
5.095095095095095 0.6443362105565272
5.105105105105105 0.6490540779399477
5.115115115115115 0.6537812670145134
5.125125125125125 0.6585176804399693
5.135135135135135 0.6632632208760597
5.145145145145145 0.6680177909825293
5.155155155155155 0.6727812934191226
5.165165165165165 0.6775536308455841
5.175175175175175 0.6823347059216583
5.185185185185185 0.6871244213070901
5.195195195195195 0.6919226796616237
5.205205205205205 0.6967293836450037
5.215215215215215 0.7015444359169748
5.225225225225225 0.7063677391372817
5.235235235235235 0.7111991959656686
5.245245245245245 0.7160387090618803
5.255255255255255 0.7208861810856613
5.265265265265265 0.7257415146967561
5.275275275275275 0.7306046125549092
5.285285285285285 0.7354753773198655
5.295295295295295 0.7403537116513691
5.305305305305305 0.7452395182091649
5.315315315315315 0.7501326996529973
5.325325325325325 0.755033158642611
5.335335335335335 0.7599407978377504
5.345345345345345 0.7648555198981603
5.355355355355355 0.7697772274835849
5.365365365365365 0.7747058232537689
5.375375375375375 0.779641209868457
5.385385385385385 0.7845832899873937
5.395395395395395 0.7895319662703235
5.405405405405405 0.794487141376991
5.415415415415415 0.7994487179671408
5.425425425425425 0.8044165987005172
5.435435435435435 0.8093906862368652
5.445445445445445 0.814370883235929
5.455455455455455 0.8193570923574532
5.465465465465465 0.8243492162611826
5.475475475475475 0.8293471576068617
5.485485485485485 0.8343508190542348
5.495495495495495 0.8393601032630467
5.505505505505505 0.8443749128930418
5.515515515515515 0.8493951506039648
5.525525525525525 0.8544207190555602
5.535535535535535 0.8594515209075726
5.545545545545545 0.8644874588197463
5.555555555555555 0.8695284354518263
5.565565565565565 0.8745743534635569
5.575575575575575 0.8796251155146828
5.585585585585585 0.8846806242649484
5.595595595595595 0.8897407823740983
5.605605605605605 0.8948054925018771
5.615615615615615 0.8998746573080293
5.625625625625625 0.9049481794522996
5.635635635635635 0.9100259615944324
5.645645645645645 0.9151079063941723
5.655655655655655 0.9201939165112639
5.665665665665665 0.9252838946054518
5.675675675675675 0.9303777433364804
5.685685685685685 0.9354753653640944
5.6956956956956954 0.9405766633480384
5.7057057057057055 0.9456815399480569
5.7157157157157155 0.9507898978238943
5.7257257257257255 0.9559016396352953
5.7357357357357355 0.9610166680420047
5.7457457457457455 0.9661348857037665
5.7557557557557555 0.9712561952803258
5.7657657657657655 0.9763804994314269
5.7757757757757755 0.9815077008168143
5.7857857857857855 0.9866377020962328
5.7957957957957955 0.9917704059294267
5.8058058058058055 0.9969057149761407
5.8158158158158155 1.0020435318961194
5.8258258258258255 1.0071837593491073
5.8358358358358355 1.012326299994849
5.8458458458458455 1.0174710564930889
5.8558558558558556 1.022617931503572
5.865865865865866 1.027766827686042
5.875875875875876 1.0329176477002444
5.885885885885886 1.0380702942059232
5.895895895895896 1.0432246698628231
5.905905905905906 1.0483806773306887
5.915915915915916 1.0535382192692646
5.925925925925926 1.0586971983382951
5.935935935935936 1.0638575171975253
5.945945945945946 1.0690190785066993
5.955955955955956 1.0741817849255617
5.965965965965966 1.0793455391138573
5.975975975975976 1.0845102437313305
5.985985985985986 1.0896758014377257
5.995995995995996 1.0948421148927878
6.006006006006006 1.1000090867562609
6.016016016016016 1.1051766196878898
6.026026026026026 1.110344616347419
6.036036036036036 1.1155129793945937
6.046046046046046 1.1206816114891576
6.056056056056056 1.1258504152908557
6.066066066066066 1.1310192934594323
6.076076076076076 1.1361881486546324
6.086086086086086 1.1413568835361998
6.096096096096096 1.1465254007638797
6.106106106106106 1.1516936029974167
6.116116116116116 1.1568613928965548
6.126126126126126 1.1620286731210387
6.136136136136136 1.167195346330614
6.146146146146146 1.1723613151850236
6.156156156156156 1.177526482344013
6.166166166166166 1.182690750467327
6.176176176176176 1.1878540222147096
6.186186186186186 1.1930162002459053
6.196196196196196 1.1981771872206592
6.206206206206206 1.203336885798716
6.216216216216216 1.2084951986398191
6.226226226226226 1.2136520284037142
6.236236236236236 1.2188072777501453
6.246246246246246 1.223960849338857
6.256256256256256 1.229112645829594
6.266266266266266 1.2342625698821013
6.276276276276276 1.2394105241561224
6.286286286286286 1.2445564113114025
6.296296296296296 1.2497001340076865
6.306306306306306 1.2548415949047185
6.316316316316316 1.2599806966622427
6.326326326326326 1.2651173419400048
6.336336336336336 1.2702514333977482
6.346346346346346 1.2753828736952177
6.356356356356356 1.2805115654921584
6.366366366366366 1.2856374114483144
6.376376376376376 1.2907603142234305
6.386386386386386 1.2958801764772512
6.396396396396396 1.300996900869521
6.406406406406406 1.3061103900599844
6.416416416416417 1.3112205467083864
6.426426426426427 1.3163272734744709
6.436436436436437 1.3214304730179827
6.446446446446447 1.3265300479986664
6.456456456456457 1.3316259010762665
6.466466466466467 1.3367179349105276
6.476476476476477 1.3418060521611943
6.486486486486487 1.346890155488011
6.496496496496497 1.3519701475507226
6.506506506506507 1.357045931009074
6.516516516516517 1.3621174085228085
6.526526526526527 1.3671844827516715
6.536536536536537 1.3722470563554077
6.546546546546547 1.3773050319937612
6.556556556556557 1.3823583123264767
6.566566566566567 1.3874068000132993
6.576576576576577 1.3924503977139726
6.586586586586587 1.3974890080882418
6.596596596596597 1.4025225337958516
6.606606606606607 1.4075508774965457
6.616616616616617 1.4125739418500693
6.626626626626627 1.4175916295161672
6.636636636636637 1.4226038431545835
6.646646646646647 1.427610485425063
6.656656656656657 1.43261145898735
6.666666666666667 1.4376066665011895
6.676676676676677 1.4425960106263256
6.686686686686687 1.4475793940225032
6.696696696696697 1.4525567193494666
6.706706706706707 1.4575278892669603
6.716716716716717 1.4624928064347293
6.726726726726727 1.4674513735125176
6.736736736736737 1.4724034931600702
6.746746746746747 1.4773490680371315
6.756756756756757 1.482288000803446
6.766766766766767 1.4872201941187586
6.776776776776777 1.4921455506428132
6.786786786786787 1.4970639730353552
6.796796796796797 1.5019753639561284
6.806806806806807 1.5068796260648774
6.816816816816817 1.5117766620213475
6.826826826826827 1.5166663744852826
6.836836836836837 1.5215486661164275
6.846846846846847 1.5264234395745266
6.856856856856857 1.531290597519325
6.866866866866867 1.536150042610566
6.876876876876877 1.5410016775079953
6.886886886886887 1.5458454048713572
6.896896896896897 1.5506811273603964
6.906906906906907 1.5555087476348572
6.916916916916917 1.5603281683544843
6.926926926926927 1.5651392921790221
6.936936936936937 1.569942021768215
6.946946946946947 1.5747362597818082
6.956956956956957 1.5795219088795456
6.966966966966967 1.584298871721172
6.976976976976977 1.589067050966432
6.986986986986987 1.5938263492750702
6.996996996996997 1.598576669306831
7.007007007007007 1.603317920751078
7.017017017017017 1.6080500858682538
7.027027027027027 1.6127731897318436
7.037037037037037 1.6174872579686848
7.047047047047047 1.6221923162056144
7.057057057057057 1.6268883900694706
7.067067067067067 1.63157550518709
7.077077077077077 1.6362536871853104
7.087087087087087 1.6409229616909686
7.097097097097097 1.6455833543309022
7.107107107107107 1.6502348907319486
7.117117117117117 1.6548775965209452
7.127127127127127 1.6595114973247294
7.137137137137137 1.664136618770138
7.147147147147147 1.6687529864840087
7.157157157157157 1.6733606260931793
7.167167167167167 1.677959563224486
7.177177177177177 1.6825498235047673
7.187187187187187 1.68713143256086
7.197197197197197 1.691704416019601
7.207207207207207 1.6962687995078285
7.217217217217217 1.7008246086523793
7.227227227227227 1.705371869080091
7.237237237237237 1.7099106064178007
7.247247247247247 1.7144408462923455
7.257257257257257 1.7189626143305636
7.267267267267267 1.7234759361592913
7.277277277277277 1.7279808374053667
7.287287287287287 1.732477343695627
7.297297297297297 1.7369654806569088
7.307307307307307 1.7414452739160504
7.317317317317317 1.7459167490998888
7.327327327327327 1.750379931835261
7.337337337337337 1.7548348477490052
7.347347347347347 1.7592815224679579
7.357357357357357 1.7637199816189564
7.367367367367367 1.7681502508288385
7.377377377377377 1.7725723557244413
7.387387387387387 1.7769863219326023
7.397397397397397 1.7813921750801585
7.407407407407407 1.7857899407939477
7.4174174174174174 1.7901796447008067
7.4274274274274275 1.7945613124275737
7.4374374374374375 1.7989349696010848
7.4474474474474475 1.8033006418481783
7.4574574574574575 1.8076583547956908
7.4674674674674675 1.8120081340704606
7.4774774774774775 1.8163500052993242
7.4874874874874875 1.8206839941091193
7.4974974974974975 1.8250101261266831
7.5075075075075075 1.829328426978853
7.5175175175175175 1.8336389222924663
7.5275275275275275 1.8379416376943603
7.5375375375375375 1.8422365988113725
7.5475475475475475 1.84652383127034
7.5575575575575575 1.8508033606981005
7.5675675675675675 1.8550752127214907
7.5775775775775776 1.8593394129673484
7.587587587587588 1.8635959870625107
7.597597597597598 1.8678449606338152
7.607607607607608 1.8720863593080994
7.617617617617618 1.8763202087122004
7.627627627627628 1.8805465344729553
7.637637637637638 1.8847653622172011
7.647647647647648 1.8889767175717762
7.657657657657658 1.8931806261635171
7.667667667667668 1.8973771136192614
7.677677677677678 1.9015662055658469
7.687687687687688 1.9057479276301101
7.697697697697698 1.9099223054388885
7.707707707707708 1.91408936461902
7.717717717717718 1.9182491307973415
7.727727727727728 1.9224016296006903
7.737737737737738 1.926546886655904
7.747747747747748 1.9306849275898197
7.757757757757758 1.9348157780292747
7.767767767767768 1.9389394636011064
7.777777777777778 1.9430560099321523
7.787787787787788 1.9471654426492495
7.797797797797798 1.9512677873792357
7.807807807807808 1.9553630697489477
7.817817817817818 1.9594513153852233
7.827827827827828 1.9635325499148992
7.837837837837838 1.9676067989648138
7.847847847847848 1.9716740881618033
7.857857857857858 1.9757344431327057
7.867867867867868 1.9797878895043584
7.877877877877878 1.983834452903598
7.887887887887888 1.9878741589572628
7.897897897897898 1.9919070332921898
7.907907907907908 1.9959331015352157
7.917917917917918 1.999952389313178
7.927927927927928 2.0039649222529152
7.937937937937938 2.0079707259812634
7.947947947947948 2.0119698261250605
7.957957957957958 2.0159622483111437
7.967967967967968 2.0199480181663496
7.977977977977978 2.0239271613175167
7.987987987987988 2.0278997033914825
7.997997997997998 2.0318656700150832
8.008008008008009 2.035825086815157
8.018018018018019 2.0397779794185404
8.028028028028029 2.043724373452071
8.038038038038039 2.047664294542586
8.048048048048049 2.051597768316924
8.058058058058059 2.055524820401921
8.068068068068069 2.0594454764244152
8.078078078078079 2.063359762011243
8.088088088088089 2.0672677027892417
8.098098098098099 2.07116932438525
8.108108108108109 2.0750646524261036
8.118118118118119 2.078953712538641
8.128128128128129 2.082836530349699
8.138138138138139 2.0867131314861154
8.148148148148149 2.090583541574727
8.158158158158159 2.094447786242371
8.168168168168169 2.098305891115885
8.178178178178179 2.102157881822107
8.188188188188189 2.106003783987873
8.198198198198199 2.109843623240022
8.208208208208209 2.11367742520539
8.218218218218219 2.1175052155108145
8.228228228228229 2.121327019783133
8.238238238238239 2.125142863649183
8.248248248248249 2.1289527727358015
8.258258258258259 2.1327567726698264
8.268268268268269 2.1365548890780945
8.278278278278279 2.1403471475874434
8.288288288288289 2.1441335738247105
8.298298298298299 2.1479141934167325
8.308308308308309 2.151689031990348
8.318318318318319 2.155458115172393
8.328328328328329 2.1592214685897053
8.338338338338339 2.162979117869123
8.348348348348349 2.166731088637482
8.358358358358359 2.1704774065216204
8.368368368368369 2.174218097148376
8.378378378378379 2.177953186144585
8.388388388388389 2.181682699137086
8.398398398398399 2.1854066617527153
8.408408408408409 2.189125099618311
8.418418418418419 2.19283803836071
8.428428428428429 2.196545503606749
8.438438438438439 2.200247520983267
8.448448448448449 2.2039441161171
8.458458458458459 2.2076353146350858
8.468468468468469 2.2113211421640617
8.478478478478479 2.2150016243308652
8.488488488488489 2.218676786762333
8.498498498498499 2.222346655085303
8.508508508508509 2.2260112549266116
8.518518518518519 2.2296706119130976
8.528528528528529 2.233324751671598
8.538538538538539 2.2369736998289493
8.548548548548549 2.2406174820119897
8.558558558558559 2.2442561238475554
8.568568568568569 2.2478896509624855
8.578578578578579 2.2515180889836155
8.588588588588589 2.255141463537784
8.598598598598599 2.2587598002518274
8.608608608608609 2.262373124752584
8.618618618618619 2.2659814626668906
8.62862862862863 2.2695848396215843
8.63863863863864 2.2731832812435027
8.64864864864865 2.2767768131594837
8.65865865865866 2.280365460996363
8.66866866866867 2.28394925038098
8.67867867867868 2.287528206940171
8.68868868868869 2.2911023563007724
8.6986986986987 2.294671724089623
8.70870870870871 2.2982363359335602
8.71871871871872 2.3017962174594206
8.72872872872873 2.305351394294041
8.73873873873874 2.3089018920642603
8.74874874874875 2.3124477363969147
8.75875875875876 2.315988952918841
8.76876876876877 2.3195255672568784
8.77877877877878 2.3230576050378624
8.78878878878879 2.3265850918886315
8.7987987987988 2.330108053436023
8.80880880880881 2.3336265153068734
8.81881881881882 2.3371405031280204
8.82882882882883 2.3406500425263013
8.83883883883884 2.344155159128554
8.84884884884885 2.3476558785616155
8.85885885885886 2.3511522264523226
8.86886886886887 2.3546442284275133
8.87887887887888 2.358131910114025
8.88888888888889 2.361615297138694
8.8988988988989 2.3650944151283593
8.90890890890891 2.368569289709856
8.91891891891892 2.3720399465100237
8.92892892892893 2.3755064111556985
8.93893893893894 2.378968709273718
8.94894894894895 2.3824268664909196
8.95895895895896 2.38588090843414
8.96896896896897 2.389330860730218
8.97897897897898 2.3927767490059892
8.98898898898899 2.3962185988882925
8.998998998999 2.3996564360039643
9.00900900900901 2.4030902822383795
9.01901901901902 2.4065201392401674
9.02902902902903 2.409946001847367
9.03903903903904 2.4133678648928836
9.04904904904905 2.416785723209624
9.05905905905906 2.4201995716304943
9.06906906906907 2.4236094049884
9.07907907907908 2.4270152181162477
9.08908908908909 2.430417005846944
9.0990990990991 2.4338147630133937
9.10910910910911 2.437208484448504
9.11911911911912 2.4405981649851807
9.12912912912913 2.4439837994563294
9.13913913913914 2.4473653826948567
9.14914914914915 2.4507429095336692
9.15915915915916 2.454116374805672
9.16916916916917 2.457485773343772
9.17917917917918 2.460851099980875
9.18918918918919 2.464212349549887
9.1991991991992 2.4675695168837137
9.20920920920921 2.4709225968152624
9.21921921921922 2.4742715841774383
9.22922922922923 2.477616473803147
9.23923923923924 2.4809572605252965
9.24924924924925 2.484293939176791
9.25925925925926 2.487626504590538
9.26926926926927 2.4909549515994427
9.27927927927928 2.4942792750364116
9.28928928928929 2.49759946973435
9.2992992992993 2.500915530526165
9.30930930930931 2.504227452244763
9.31931931931932 2.5075352297230493
9.32932932932933 2.5108388577939293
9.33933933933934 2.5141383312903107
9.34934934934935 2.517433645045099
9.35935935935936 2.5207247938912003
9.36936936936937 2.5240117726615203
9.37937937937938 2.527294576188966
9.38938938938939 2.5305731993064424
9.3993993993994 2.5338476368468568
9.40940940940941 2.537117883643114
9.41941941941942 2.5403839345281205
9.42942942942943 2.5436457843347835
9.43943943943944 2.546903427896008
9.44944944944945 2.5501568600447
9.45945945945946 2.5534060756137666
9.46946946946947 2.5566510694361138
9.47947947947948 2.5598918363446463
9.48948948948949 2.5631283711722714
9.4994994994995 2.566360668751895
9.50950950950951 2.5695887239164232
9.51951951951952 2.572812531498762
9.52952952952953 2.5760320863318174
9.53953953953954 2.579247383248496
9.54954954954955 2.5824584170817038
9.55955955955956 2.585665182664346
9.56956956956957 2.5888676748293302
9.57957957957958 2.5920658884095613
9.58958958958959 2.595259818237946
9.5995995995996 2.5984494591473903
9.60960960960961 2.6016348059708
9.61961961961962 2.604815853541081
9.62962962962963 2.60799259669114
9.63963963963964 2.6111650302538836
9.64964964964965 2.614333149062217
9.65965965965966 2.617496947949047
9.66966966966967 2.6206564217472783
9.67967967967968 2.623811565289819
9.68968968968969 2.6269623734095733
9.6996996996997 2.630108840939449
9.70970970970971 2.6332509627123515
9.71971971971972 2.6363887335611857
9.72972972972973 2.6395221483188593
9.73973973973974 2.6426512018182784
9.74974974974975 2.6457758888923486
9.75975975975976 2.648896204373976
9.76976976976977 2.652012143096067
9.77977977977978 2.655123699891527
9.78978978978979 2.658230869593263
9.7997997997998 2.6613336470341804
9.80980980980981 2.664432027047185
9.81981981981982 2.6675260044651843
9.82982982982983 2.6706155741210837
9.83983983983984 2.673700730847789
9.84984984984985 2.6767814694782066
9.85985985985986 2.679857784845243
9.86986986986987 2.682929671781803
9.87987987987988 2.6859971251207946
9.88988988988989 2.689060139695122
9.8998998998999 2.6921187103376925
9.90990990990991 2.695172831881411
9.91991991991992 2.698222499159186
9.92992992992993 2.7012677070039213
9.93993993993994 2.704308450248524
9.94994994994995 2.7073447237259
9.95995995995996 2.7103765222689553
9.96996996996997 2.7134038407105963
9.97997997997998 2.716426673883729
9.98998998998999 2.7194450166212594
10.0 2.722458863756093
10.01001001001001 2.725468210121137
10.02002002002002 2.7284730505492973
10.03003003003003 2.73147337987348
10.04004004004004 2.734469192926591
10.05005005005005 2.7374604845415362
10.06006006006006 2.7404472495512215
10.07007007007007 2.743429482788554
10.08008008008008 2.746407179086439
10.09009009009009 2.7493803332777826
10.1001001001001 2.7523489401954917
10.11011011011011 2.755312994672471
10.12012012012012 2.758272491541628
10.13013013013013 2.761227425635868
10.14014014014014 2.764177791788098
10.15015015015015 2.7671235848312232
10.16016016016016 2.77006479959815
10.17017017017017 2.7730014309217843
10.18018018018018 2.7759334736350323
10.19019019019019 2.7788609225708
10.2002002002002 2.7817837725619943
10.21021021021021 2.784702018441521
10.22022022022022 2.7876156550422855
10.23023023023023 2.7905246771971943
10.24024024024024 2.793429079739154
10.25025025025025 2.79632885750107
10.26026026026026 2.7992240053158484
10.27027027027027 2.802114518016396
10.28028028028028 2.805000390435618
10.29029029029029 2.8078816174064216
10.3003003003003 2.8107581937617114
10.31031031031031 2.813630114334395
10.32032032032032 2.816497373957378
10.33033033033033 2.8193599674635665
10.34034034034034 2.8222178896858665
10.35035035035035 2.825071135457184
10.36036036036036 2.8279196996104257
10.37037037037037 2.8307635769784967
10.38038038038038 2.833602762394303
10.39039039039039 2.8364372506907527
10.4004004004004 2.8392670367007504
10.41041041041041 2.842092115257202
10.42042042042042 2.844912481193014
10.43043043043043 2.847728129341093
10.44044044044044 2.850539054534344
10.45045045045045 2.8533452516056745
10.46046046046046 2.856146715387989
10.47047047047047 2.858943440714195
10.48048048048048 2.861735422417198
10.49049049049049 2.864522655329904
10.5005005005005 2.867305134285219
10.51051051051051 2.8700828541160495
10.52052052052052 2.872855809655302
10.53053053053053 2.875623995735882
10.54054054054054 2.8783874071906954
10.55055055055055 2.8811460388526484
10.56056056056056 2.883899885554648
10.57057057057057 2.886648942129599
10.58058058058058 2.889393203410408
10.59059059059059 2.892132664229982
10.6006006006006 2.894867319421226
10.61061061061061 2.8975971638170464
10.62062062062062 2.9003221922503495
10.63063063063063 2.9030423995540415
10.64064064064064 2.9057577805610277
10.65065065065065 2.9084683301042156
10.66066066066066 2.91117404301651
10.67067067067067 2.9138749141308176
10.68068068068068 2.916570938280044
10.69069069069069 2.9192621102970957
10.7007007007007 2.9219484250148793
10.71071071071071 2.9246298772663004
10.72072072072072 2.9273064618842652
10.73073073073073 2.92997817370168
10.74074074074074 2.93264500755145
10.75075075075075 2.9353069582664824
10.76076076076076 2.9379640206796824
10.77077077077077 2.9406161896239573
10.78078078078078 2.943263459932212
10.79079079079079 2.9459058264373534
10.8008008008008 2.9485432839722874
10.81081081081081 2.95117582736992
10.82082082082082 2.9538034514631573
10.83083083083083 2.9564261510849055
10.84084084084084 2.95904392106807
10.85085085085085 2.9616567562455587
10.86086086086086 2.964264651450276
10.87087087087087 2.9668676015151285
10.88088088088088 2.9694656012730216
10.89089089089089 2.972058645556863
10.9009009009009 2.9746467291995584
10.91091091091091 2.9772298470340135
10.92092092092092 2.9798079938931337
10.93093093093093 2.9823811646098264
10.94094094094094 2.984949354016997
10.95095095095095 2.987512556947552
10.96096096096096 2.9900707682343963
10.97097097097097 2.9926239827104375
10.98098098098098 2.9951721952085815
10.99099099099099 2.9977154005617335
11.001001001001 3.000253593602835
11.01101101101101 3.0027867692109695
11.02102102102102 3.005314922402327
11.03103103103103 3.007838048218444
11.04104104104104 3.01035614170086
11.05105105105105 3.012869197891113
11.06106106106106 3.015377211830741
11.07107107107107 3.0178801785612825
11.08108108108108 3.020378093124276
11.09109109109109 3.0228709505612583
11.1011011011011 3.02535874591377
11.11111111111111 3.0278414742233477
11.12112112112112 3.0303191305315296
11.13113113113113 3.0327917098798545
11.14114114114114 3.0352592073098603
11.15115115115115 3.0377216178630855
11.16116116116116 3.0401789365810683
11.17117117117117 3.0426311585053467
11.18118118118118 3.04507827867746
11.19119119119119 3.0475202921389446
11.2012012012012 3.049957193931339
11.21121121121121 3.052388979096184
11.22122122122122 3.054815642675014
11.23123123123123 3.05723717970937
11.24124124124124 3.0596535852407896
11.25125125125125 3.0620648543108104
11.26126126126126 3.064470981960971
11.27127127127127 3.06687196323281
11.28128128128128 3.069267793167865
11.29129129129129 3.071658466807675
11.3013013013013 3.0740439791937777
11.31131131131131 3.0764243253677113
11.32132132132132 3.0787995003710145
11.33133133133133 3.0811694992452243
11.34134134134134 3.0835343170318805
11.35135135135135 3.085893948772521
11.36136136136136 3.0882483895086827
11.37137137137137 3.0905976342819055
11.381381381381381 3.092941678133727
11.391391391391391 3.0952805161056856
11.401401401401401 3.0976141432393183
11.411411411411411 3.099942554576166
11.421421421421421 3.102265745157764
11.431431431431431 3.104583710025652
11.441441441441441 3.1068964442213685
11.451451451451451 3.109203942786451
11.461461461461461 3.1115062007624386
11.471471471471471 3.113803213190868
11.481481481481481 3.116094975113279
11.491491491491491 3.1183814815712094
11.501501501501501 3.120662727606197
11.511511511511511 3.12293870825978
11.521521521521521 3.125209418573498
11.531531531531531 3.127474853588887
11.541541541541541 3.129735008347487
11.551551551551551 3.131989877890836
11.561561561561561 3.1342394572604713
11.571571571571571 3.1364837414979316
11.581581581581581 3.138722725644756
11.591591591591591 3.140956404742481
11.601601601601601 3.143184773832646
11.611611611611611 3.14540782795679
11.621621621621621 3.147625562156449
11.631631631631631 3.149837971473164
11.641641641641641 3.152045050948471
11.651651651651651 3.154246795623908
11.661661661661661 3.156443200541016
11.671671671671671 3.1586342607413305
11.681681681681681 3.1608199712663905
11.691691691691691 3.163000327157735
11.701701701701701 3.1651753234569013
11.711711711711711 3.167344955205428
11.721721721721721 3.1695092174448534
11.731731731731731 3.1716681052167157
11.741741741741741 3.173821613562553
11.751751751751751 3.1759697375239035
11.761761761761761 3.1781124721423057
11.771771771771771 3.1802498124592984
11.781781781781781 3.182381753516418
11.791791791791791 3.1845082903552044
11.801801801801801 3.1866294180171955
11.811811811811811 3.188745131543929
11.821821821821821 3.1908554259769435
11.831831831831831 3.1929602963577772
11.841841841841841 3.1950597377279686
11.851851851851851 3.1971537451290555
11.861861861861861 3.1992423136025763
11.871871871871871 3.2013254381900693
11.881881881881881 3.2034031139330725
11.891891891891891 3.2054753358731243
11.901901901901901 3.207542099051763
11.911911911911911 3.2096033985105272
11.921921921921921 3.2116592292909543
11.931931931931931 3.213709586434583
11.941941941941941 3.2157544649829513
11.951951951951951 3.217793859977598
11.961961961961961 3.2198277664600603
11.971971971971971 3.221856179471878
11.981981981981981 3.223879094054588
11.991991991991991 3.2258965052497284
12.002002002002001 3.227908408098839
12.012012012012011 3.229914797643456
12.022022022022021 3.2319156689251196
12.032032032032031 3.2339110169853664
12.042042042042041 3.2359008368657354
12.052052052052051 3.2378851236077653
12.062062062062061 3.239863872252993
12.072072072072071 3.2418370778429577
12.082082082082081 3.2438047354191983
12.092092092092091 3.245766840023251
12.102102102102101 3.2477233866966557
12.112112112112111 3.2496743704809505
12.122122122122121 3.251619786417673
12.132132132132131 3.253559629548362
12.142142142142141 3.255493894914555
12.152152152152151 3.257422577557791
12.162162162162161 3.2593456725196077
12.172172172172171 3.2612631748415435
12.182182182182181 3.263175079565137
12.192192192192191 3.2650813817319264
12.202202202202201 3.266982076383449
12.212212212212211 3.268877158561244
12.222222222222221 3.2707666233068498
12.232232232232231 3.2726504656618034
12.242242242242241 3.274528680667644
12.252252252252251 3.27640126336591
12.262262262262261 3.278268208798139
12.272272272272271 3.2801295120058693
12.282282282282281 3.2819851680306398
12.292292292292291 3.283835171913988
12.302302302302301 3.285679518697453
12.312312312312311 3.2875182034225716
12.322322322322321 3.289351221130883
12.332332332332332 3.2911785668639255
12.342342342342342 3.293000235663237
12.352352352352352 3.294816222570356
12.362362362362362 3.2966265226268208
12.372372372372372 3.298431130874169
12.382382382382382 3.3002300423539395
12.392392392392392 3.3020232521076704
12.402402402402402 3.3038107551769
12.412412412412412 3.305592546603166
12.422422422422422 3.307368621428007
12.432432432432432 3.3091389746929614
12.442442442442442 3.310903601439567
12.452452452452452 3.3126624967093634
12.462462462462462 3.314415655543887
12.472472472472472 3.3161630729846765
12.482482482482482 3.3179047440732714
12.492492492492492 3.3196406638512075
12.502502502502502 3.3213708273600258
12.512512512512512 3.3230952296412624
12.522522522522522 3.3248138657364565
12.532532532532532 3.326526730687147
12.542542542542542 3.32823381953487
12.552552552552552 3.329935127321166
12.562562562562562 3.3316306490875722
12.572572572572572 3.3333203798756266
12.582582582582582 3.3350043147268678
12.592592592592592 3.336682448682834
12.602602602602602 3.3383547767850636
12.612612612612612 3.340021294075095
12.622622622622622 3.3416819955944654
12.632632632632632 3.343336876384714
12.642642642642642 3.344985931487379
12.652652652652652 3.3466291559439982
12.662662662662662 3.3482665447961097
12.672672672672672 3.349898093085253
12.682682682682682 3.3515237958529647
12.692692692692692 3.3531436481407835
12.702702702702702 3.3547576449902485
12.712712712712712 3.356365781442897
12.722722722722722 3.3579680525402673
12.732732732732732 3.3595644533238986
12.742742742742742 3.3611549788353274
12.752752752752752 3.3627396241160934
12.762762762762762 3.364318384207735
12.772772772772772 3.365891254151789
12.782782782782782 3.3674582289897947
12.792792792792792 3.3690193037632903
12.802802802802802 3.3705744735138135
12.812812812812812 3.3721237332829035
12.822822822822824 3.3736670781120974
12.832832832832834 3.3752045030429336
12.842842842842844 3.3767360031169513
12.852852852852854 3.378261573375687
12.862862862862864 3.3797812088606807
12.872872872872874 3.381294904613471
12.882882882882884 3.3828026556755937
12.892892892892894 3.3843044570885885
12.902902902902904 3.385800303893994
12.912912912912914 3.3872901911333475
12.922922922922924 3.3887741138481884
12.932932932932934 3.390252067080054
12.942942942942944 3.391724045870483
12.952952952952954 3.393190045261013
12.962962962962964 3.3946500602931824
12.972972972972974 3.39610408600853
12.982982982982984 3.397552117448594
12.992992992992994 3.398994149654912
13.003003003003004 3.4004301778038406
13.013013013013014 3.401860207502599
13.023023023023024 3.403284262039451
13.033033033033034 3.4047023664153357
13.043043043043044 3.4061145456311954
13.053053053053054 3.4075208246879702
13.063063063063064 3.408921228586602
13.073073073073074 3.4103157823280306
13.083083083083084 3.4117045109131983
13.093093093093094 3.4130874393430446
13.103103103103104 3.414464592618511
13.113113113113114 3.4158359957405393
13.123123123123124 3.417201673710069
13.133133133133134 3.4185616515280426
13.143143143143144 3.4199159541953996
13.153153153153154 3.421264606713082
13.163163163163164 3.42260763408203
13.173173173173174 3.4239450613031854
13.183183183183184 3.4252769133774885
13.193193193193194 3.4266032153058807
13.203203203203204 3.4279239920893017
13.213213213213214 3.4292392687286943
13.223223223223224 3.4305490702249988
13.233233233233234 3.4318534215791554
13.243243243243244 3.433152347792106
13.253253253253254 3.4344458738647914
13.263263263263264 3.4357340247981516
13.273273273273274 3.4370168255931284
13.283283283283284 3.4382943012506635
13.293293293293294 3.4395664767716956
13.303303303303304 3.440833377157168
13.313313313313314 3.4420950274080204
13.323323323323324 3.4433514525251945
13.333333333333334 3.4446026775096303
13.343343343343344 3.4458487273622698
13.353353353353354 3.4470896270840528
13.363363363363364 3.4483254016759215
13.373373373373374 3.449556076138816
13.383383383383384 3.4507816754736766
13.393393393393394 3.4520022246814466
13.403403403403404 3.453217748763065
13.413413413413414 3.4544282727194724
13.423423423423424 3.455633821551612
13.433433433433434 3.4568344202604226
13.443443443443444 3.4580300938468462
13.453453453453454 3.459220867311823
13.463463463463464 3.460406765656295
13.473473473473474 3.461587813881202
13.483483483483484 3.462764036987486
13.493493493493494 3.463935459976087
13.503503503503504 3.4651021078479474
13.513513513513514 3.466264005604006
13.523523523523524 3.467421178245206
13.533533533533534 3.4685736507724867
13.543543543543544 3.4697214481867897
13.553553553553554 3.4708645954890565
13.563563563563564 3.4720031176802273
13.573573573573574 3.473137039761243
13.583583583583584 3.4742663867330448
13.593593593593594 3.475391183596574
13.603603603603604 3.4765114553527705
13.613613613613614 3.4776272270025763
13.623623623623624 3.4787385235469324
13.633633633633634 3.4798453699867786
13.643643643643644 3.4809477913230573
13.653653653653654 3.482045812556709
13.663663663663664 3.4831394586886737
13.673673673673674 3.4842287547198936
13.683683683683684 3.485313725651309
13.693693693693694 3.486394396483861
13.703703703703704 3.4874707922184904
13.713713713713714 3.488542937856139
13.723723723723724 3.489610858397746
13.733733733733734 3.490674578844254
13.743743743743744 3.491734124196604
13.753753753753754 3.4927895194557355
13.763763763763764 3.49384078962259
13.773773773773774 3.4948879596981097
13.783783783783784 3.495931054683234
13.793793793793794 3.4969700995789044
13.803803803803804 3.4980051193860624
13.813813813813814 3.499036139105648
13.823823823823824 3.5000631837386025
13.833833833833834 3.501086278285868
13.843843843843844 3.5021054477483835
13.853853853853854 3.503120717127091
13.863863863863864 3.504132111422931
13.873873873873874 3.505139655636846
13.883883883883884 3.5061433747697746
13.893893893893894 3.5071432938226597
13.903903903903904 3.5081394377964408
13.913913913913914 3.5091318316920597
13.923923923923924 3.5101205005104577
13.933933933933934 3.511105469252575
13.943943943943944 3.512086762919352
13.953953953953954 3.5130644065117314
13.963963963963964 3.514038425030653
13.973973973973974 3.5150088434770574
13.983983983983984 3.515975686851887
13.993993993993994 3.5169389801560818
14.004004004004004 3.517898748390582
14.014014014014014 3.51885501655633
14.024024024024024 3.5198078096542655
14.034034034034034 3.5207571526853307
14.044044044044044 3.521703070650466
14.054054054054054 3.5226455885506116
14.064064064064064 3.52358473138671
14.074074074074074 3.5245205241597004
14.084084084084084 3.5254529918705257
14.094094094094094 3.526382159520125
14.104104104104104 3.5273080521094404
14.114114114114114 3.528230694639413
14.124124124124124 3.5291501121109823
14.134134134134134 3.530066329525091
14.144144144144144 3.530979371882679
14.154154154154154 3.5318892641846875
14.164164164164164 3.5327960314320572
14.174174174174174 3.5336996986257296
14.184184184184184 3.5346002907666465
14.194194194194194 3.535497832855746
14.204204204204204 3.5363923498939718
14.214214214214214 3.5372838668822637
14.224224224224224 3.5381724088215627
14.234234234234235 3.5390580007128105
14.244244244244245 3.539940667556947
14.254254254254255 3.5408204343549134
14.264264264264265 3.541697326107651
14.274274274274275 3.5425713678161013
14.284284284284285 3.543442584481203
14.294294294294295 3.5443110011039
14.304304304304305 3.5451766426851314
14.314314314314315 3.5460395342258386
14.324324324324325 3.5468997007269625
14.334334334334335 3.547757167189445
14.344344344344345 3.5486119586142255
14.354354354354355 3.549464100002245
14.364364364364365 3.5503136163544466
14.374374374374375 3.551160532671769
14.384384384384385 3.5520048739551537
14.394394394394395 3.552846665205542
14.404404404404405 3.553685931423875
14.414414414414415 3.554522697611093
14.424424424424425 3.5553569887681373
14.434434434434435 3.556188829895949
14.444444444444445 3.557018245995469
14.454454454454455 3.5578452620676386
14.464464464464465 3.5586699031133984
14.474474474474475 3.5594921941336883
14.484484484484485 3.560312160129451
14.494494494494495 3.561129826101627
14.504504504504505 3.5619452170511563
14.514514514514515 3.562758357978981
14.524524524524525 3.5635692738860416
14.534534534534535 3.564377989773279
14.544544544544545 3.565184530641634
14.554554554554555 3.565988921492048
14.564564564564565 3.566791187325462
14.574574574574575 3.567591353142816
14.584584584584585 3.5683894439450516
14.594594594594595 3.5691854847331106
14.604604604604605 3.5699795005079324
14.614614614614615 3.570771516270459
14.624624624624625 3.571561557021631
14.634634634634635 3.5723496477623895
14.644644644644645 3.5731358134936753
14.654654654654655 3.573920079216429
14.664664664664665 3.5747024699315926
14.674674674674675 3.5754830106401063
14.684684684684685 3.576261726342911
14.694694694694695 3.5770386420409475
14.704704704704705 3.577813782735158
14.714714714714715 3.578587173426482
14.724724724724725 3.5793588391158604
14.734734734734735 3.580128804804236
14.744744744744745 3.5808970954925474
14.754754754754755 3.581663736181737
14.764764764764765 3.582428751872746
14.774774774774775 3.583192167566515
14.784784784784785 3.583954008263983
14.794794794794795 3.584714298966094
14.804804804804805 3.5854730646737876
14.814814814814815 3.5862303303880045
14.824824824824825 3.5869861211096863
14.834834834834835 3.5877404618397732
14.844844844844845 3.5884933775792067
14.854854854854855 3.589244893328928
14.864864864864865 3.589995034089877
14.874874874874875 3.5907438248629955
14.884884884884885 3.5914912906492247
14.894894894894895 3.592237456449505
14.904904904904905 3.592982347264777
14.914914914914915 3.5937259880959833
14.924924924924925 3.5944684039440626
14.934934934934935 3.5952096198099577
14.944944944944945 3.595949660694608
14.954954954954955 3.596688551598956
14.964964964964965 3.5974263175239414
14.974974974974975 3.598162983470506
14.984984984984985 3.5988985744395903
14.994994994994995 3.599633115432136
15.005005005005005 3.60036663088459
15.015015015015015 3.601099132250075
15.025025025025025 3.601830617998384
15.035035035035035 3.602561086034819
15.045045045045045 3.6032905342646804
15.055055055055055 3.60401896059327
15.065065065065065 3.60474636292589
15.075075075075075 3.6054727391678405
15.085085085085085 3.6061980872244237
15.095095095095095 3.6069224050009403
15.105105105105105 3.607645690402692
15.115115115115115 3.6083679413349805
15.125125125125125 3.6090891557031064
15.135135135135135 3.609809331412371
15.145145145145145 3.6105284663680766
15.155155155155155 3.6112465584755244
15.165165165165165 3.611963605640015
15.175175175175175 3.6126796057668495
15.185185185185185 3.613394556761331
15.195195195195195 3.6141084565287587
15.205205205205205 3.614821302974435
15.215215215215215 3.615533094003662
15.225225225225225 3.6162438275217395
15.235235235235235 3.6169535014339704
15.245245245245245 3.617662113645655
15.255255255255255 3.6183696620620944
15.265265265265265 3.619076144588591
15.275275275275275 3.6197815591304456
15.285285285285285 3.6204859035929595
15.295295295295295 3.621189175881434
15.305305305305305 3.6218913739011707
15.315315315315315 3.6225924955574715
15.325325325325325 3.6232925387556363
15.335335335335335 3.623991501400967
15.345345345345345 3.624689381398766
15.355355355355355 3.625386176654333
15.365365365365365 3.626081885072971
15.375375375375375 3.62677650455998
15.385385385385385 3.6274700330206624
15.395395395395395 3.6281624683603186
15.405405405405405 3.62885380848425
15.415415415415415 3.629544051297759
15.425425425425425 3.630233194706146
15.435435435435435 3.630921236614713
15.445445445445445 3.6316081749287603
15.455455455455455 3.6322940075535906
15.465465465465465 3.6329787323945046
15.475475475475475 3.6336623473568035
15.485485485485485 3.6343448503457885
15.495495495495495 3.635026239266762
15.505505505505505 3.6357065120250236
15.515515515515515 3.636385666525876
15.525525525525525 3.6370637006746205
15.535535535535535 3.637740612376558
15.545545545545545 3.63841639953699
15.555555555555555 3.6390910600612183
15.565565565565565 3.639764591854543
15.575575575575575 3.640436992822267
15.585585585585585 3.64110826086969
15.595595595595595 3.6417783939021153
15.605605605605605 3.6424473898248424
15.615615615615615 3.643115246543174
15.625625625625625 3.6437819619624108
15.635635635635635 3.644447533987854
15.645645645645645 3.6451119605248055
15.655655655655655 3.6457752394785663
15.665665665665665 3.646437368754438
15.675675675675675 3.6470983462577213
15.685685685685685 3.647758169893718
15.695695695695695 3.6484168375677304
15.705705705705705 3.6490743471850577
15.715715715715715 3.6497306966510035
15.725725725725725 3.6503858838708676
15.735735735735735 3.6510399067499515
15.745745745745745 3.651692763193558
15.755755755755755 3.6523444511069867
15.765765765765765 3.65299496839554
15.775775775775776 3.6536443129645186
15.785785785785786 3.6542924827192236
15.795795795795796 3.6549394755649574
15.805805805805806 3.655585289407021
15.815815815815816 3.6562299221507155
15.825825825825826 3.6568733717013417
15.835835835835836 3.6575156359642027
15.845845845845846 3.658156712844598
15.855855855855856 3.65879660024783
15.865865865865866 3.659435296079199
15.875875875875876 3.660072798244008
15.885885885885886 3.6607091046475575
15.895895895895896 3.6613442131951484
15.905905905905906 3.661978121792082
15.915915915915916 3.662610828343661
15.925925925925926 3.6632423307551853
15.935935935935936 3.663872626931957
15.945945945945946 3.664501714779277
15.955955955955956 3.6651295922024474
15.965965965965966 3.6657562571067683
15.975975975975976 3.666381707397542
15.985985985985986 3.66700594098007
15.995995995995996 3.6676289557596538
16.006006006006007 3.6682507496415933
16.016016016016017 3.668871320531191
16.026026026026027 3.6694906663337483
16.036036036036037 3.670108784954566
16.046046046046047 3.670725674298946
16.056056056056057 3.6713413322721897
16.066066066066067 3.6719557567795977
16.076076076076077 3.6725689457264723
16.086086086086087 3.673180897018114
16.096096096096097 3.6737916085598243
16.106106106106107 3.6744010782569045
16.116116116116117 3.675009304014657
16.126126126126128 3.675616283738383
16.136136136136138 3.6762220153333818
16.146146146146148 3.6768264967049564
16.156156156156158 3.677429725758408
16.166166166166168 3.678031700399038
16.176176176176178 3.6786324185321475
16.186186186186188 3.6792318780630384
16.196196196196198 3.6798300768970114
16.206206206206208 3.680427012939368
16.216216216216218 3.68102268409541
16.226226226226228 3.6816170882704378
16.236236236236238 3.682210223369754
16.246246246246248 3.6828020872986587
16.256256256256258 3.6833926779624537
16.266266266266268 3.683981993266441
16.276276276276278 3.684570031115921
16.286286286286288 3.685156789416196
16.296296296296298 3.6857422660725665
16.306306306306308 3.6863264589903344
16.316316316316318 3.6869093660748002
16.326326326326328 3.6874909852312663
16.336336336336338 3.6880713143650334
16.346346346346348 3.6886503513814035
16.356356356356358 3.6892280941856774
16.366366366366368 3.6898045406831566
16.376376376376378 3.6903796887791427
16.386386386386388 3.6909535363789363
16.396396396396398 3.6915260813878397
16.406406406406408 3.6920973217111532
16.416416416416418 3.6926672552541793
16.426426426426428 3.6932358799222187
16.436436436436438 3.693803193620573
16.446446446446448 3.694369194254543
16.456456456456458 3.694933879729431
16.466466466466468 3.6954972479505366
16.476476476476478 3.6960592968231634
16.486486486486488 3.6966200242526113
16.496496496496498 3.697179428144182
16.506506506506508 3.697737506403177
16.516516516516518 3.698294256934898
16.526526526526528 3.698849677644646
16.536536536536538 3.6994037664377215
16.546546546546548 3.699956521219427
16.556556556556558 3.7005079398950635
16.566566566566568 3.701058020369932
16.576576576576578 3.701606760549334
16.586586586586588 3.702154158338572
16.596596596596598 3.702700211642946
16.606606606606608 3.7032449183677576
16.616616616616618 3.7037882764183077
16.626626626626628 3.704330283699899
16.636636636636638 3.7048709381178315
16.646646646646648 3.7054102375774076
16.656656656656658 3.7059481799839276
16.666666666666668 3.7064847632426945
16.676676676676678 3.707019985259007
16.686686686686688 3.707553843938169
16.696696696696698 3.708086337185481
16.706706706706708 3.708617462906244
16.716716716716718 3.7091472190057595
16.726726726726728 3.709675603389329
16.736736736736738 3.7102026139622533
16.746746746746748 3.710728248629835
16.756756756756758 3.711252505297374
16.766766766766768 3.7117753818701735
16.776776776776778 3.7122968762535327
16.786786786786788 3.712816986352754
16.796796796796798 3.713335710073139
16.806806806806808 3.713853045319988
16.816816816816818 3.714368989998604
16.826826826826828 3.714883542014287
16.836836836836838 3.715396699272339
16.846846846846848 3.7159084596780607
16.856856856856858 3.716418821136754
16.866866866866868 3.7169277815537205
16.876876876876878 3.717435338834261
16.886886886886888 3.7179414908836774
16.896896896896898 3.7184462356072703
16.906906906906908 3.7189495709103415
16.916916916916918 3.719451494698192
16.926926926926928 3.7199520048761237
16.936936936936938 3.7204510993494377
16.946946946946948 3.7209487760234357
16.956956956956958 3.721445032803418
16.966966966966968 3.721939867594687
16.976976976976978 3.7224332783025442
16.986986986986988 3.72292526283229
16.996996996996998 3.7234158190892264
17.007007007007008 3.723904944978654
17.017017017017018 3.7243926384058756
17.027027027027028 3.724878897276191
17.037037037037038 3.725363719494902
17.047047047047048 3.725847102967311
17.057057057057058 3.7263290455987184
17.067067067067068 3.7268095452944245
17.077077077077078 3.7272885999597327
17.087087087087088 3.727766207499944
17.097097097097098 3.728242365820358
17.107107107107108 3.728717072826278
17.117117117117118 3.7291903264230046
17.127127127127128 3.729662124515839
17.137137137137138 3.730132465010083
17.147147147147148 3.730601345811037
17.157157157157158 3.7310687648240037
17.167167167167168 3.7315347199542837
17.177177177177178 3.7319992091071783
17.187187187187188 3.7324622301879886
17.197197197197198 3.732923781102017
17.207207207207208 3.733383859754564
17.217217217217218 3.733842464050931
17.227227227227228 3.734299591896419
17.237237237237238 3.7347552411963307
17.24724724724725 3.735209409855966
17.25725725725726 3.7356620957806266
17.26726726726727 3.7361132968756143
17.27727727727728 3.7365630110462313
17.28728728728729 3.7370112361977768
17.2972972972973 3.7374579702355537
17.30730730730731 3.737903211064862
17.31731731731732 3.7383469565910046
17.32732732732733 3.738789204719282
17.33733733733734 3.739229953354996
17.34734734734735 3.7396692004034477
17.35735735735736 3.7401069437699386
17.36736736736737 3.7405431813597696
17.37737737737738 3.740977911078242
17.38738738738739 3.741411130830658
17.3973973973974 3.7418428385223184
17.40740740740741 3.7422730320585247
17.41741741741742 3.7427017093445776
17.42742742742743 3.7431288682857797
17.43743743743744 3.7435545067874316
17.44744744744745 3.743978622754834
17.45745745745746 3.744401214093289
17.46746746746747 3.744822278708099
17.47747747747748 3.7452418145045634
17.48748748748749 3.7456598193879844
17.4974974974975 3.7460762912636634
17.50750750750751 3.7464912280369025
17.51751751751752 3.7469046276130014
17.52752752752753 3.7473164878972622
17.53753753753754 3.7477268067949865
17.54754754754755 3.7481355822114755
17.55755755755756 3.748542812052031
17.56756756756757 3.7489484942219535
17.57757757757758 3.7493526266265453
17.58758758758759 3.7497552071711064
17.5975975975976 3.7501562337609395
17.60760760760761 3.7505557043013455
17.61761761761762 3.7509536166976254
17.62762762762763 3.7513499688550804
17.63763763763764 3.7517447586790134
17.64764764764765 3.7521379840747238
17.65765765765766 3.752529642947514
17.66766766766767 3.752919733202685
17.67767767767768 3.7533082527455384
17.68768768768769 3.7536951994813754
17.6976976976977 3.754080571315497
17.70770770770771 3.754464366153206
17.71771771771772 3.7548465818998014
17.72772772772773 3.7552272164605864
17.73773773773774 3.755606267740862
17.74774774774775 3.7559837336459294
17.75775775775776 3.7563596120810896
17.76776776776777 3.756733900951644
17.77777777777778 3.7571065981628946
17.78778778778779 3.757477701620142
17.7977977977978 3.757847209228688
17.80780780780781 3.758215118893834
17.81781781781782 3.7585814285208814
17.82782782782783 3.7589461360151306
17.83783783783784 3.759309239281884
17.84784784784785 3.759670736226443
17.85785785785786 3.7600306247541084
17.86786786786787 3.7603889027701816
17.87787787787788 3.760745568179964
17.88788788788789 3.7611006188887575
17.8978978978979 3.761454052801863
17.90790790790791 3.7618058678245814
17.91791791791792 3.762156061862215
17.92792792792793 3.762504632820064
17.93793793793794 3.762851578603431
17.94794794794795 3.7631968971176164
17.95795795795796 3.763540586267922
17.96796796796797 3.7638826439596493
17.97797797797798 3.764223068098099
17.98798798798799 3.764561856588573
17.997997997998 3.7648990073363726
18.00800800800801 3.765234518246799
18.01801801801802 3.7655683872251537
18.02802802802803 3.7659006121767375
18.03803803803804 3.766231191006853
18.04804804804805 3.7665601216208002
18.05805805805806 3.7668874019238814
18.06806806806807 3.7672130298213973
18.07807807807808 3.7675370032186493
18.08808808808809 3.767859320020939
18.0980980980981 3.768179978133568
18.10810810810811 3.768498975461837
18.11811811811812 3.7688163099110485
18.12812812812813 3.769131979386503
18.13813813813814 3.7694459817935013
18.14814814814815 3.7697583150373455
18.15815815815816 3.7700689770233367
18.16816816816817 3.7703779656567766
18.17817817817818 3.7706852788429663
18.18818818818819 3.7709909144872076
18.1981981981982 3.771294870494801
18.20820820820821 3.7715971447710483
18.21821821821822 3.7718977352212506
18.22822822822823 3.77219663975071
18.23823823823824 3.7724938562647266
18.24824824824825 3.7727893826686034
18.25825825825826 3.77308321686764
18.26826826826827 3.773375356767139
18.27827827827828 3.773665800272402
18.28828828828829 3.7739545452887286
18.2982982982983 3.7742415897214214
18.30830830830831 3.774526931475782
18.31831831831832 3.774810568457111
18.32832832832833 3.7750924985707104
18.33833833833834 3.7753727197218816
18.34834834834835 3.775651229815925
18.35835835835836 3.7759280267581423
18.36836836836837 3.7762031084538354
18.37837837837838 3.7764764728083056
18.38838838838839 3.7767481177268536
18.3983983983984 3.7770180411147813
18.40840840840841 3.7772862408773897
18.41841841841842 3.7775527149199806
18.42842842842843 3.7778174611478557
18.43843843843844 3.778080477466315
18.44844844844845 3.7783417617806605
18.45845845845846 3.7786013119961943
18.46846846846847 3.7788591260182165
18.47847847847848 3.779115201752029
18.48848848848849 3.7793695371029337
18.4984984984985 3.7796221299762314
18.50850850850851 3.7798729782772233
18.51851851851852 3.780122079911211
18.52852852852853 3.780369432783496
18.53853853853854 3.7806150347993794
18.54854854854855 3.780858883864162
18.55855855855856 3.7811009778831464
18.56856856856857 3.7813413147616335
18.57857857857858 3.7815798924049244
18.58858858858859 3.78181670871832
18.5985985985986 3.7820517616071223
18.60860860860861 3.782285048976633
18.61861861861862 3.7825165687321527
18.62862862862863 3.7827463187789827
18.63863863863864 3.7829742970224247
18.64864864864865 3.7832005013677805
18.65865865865866 3.783424929720351
18.66866866866867 3.783647579985437
18.67867867867868 3.7838684500683404
18.68868868868869 3.784087537874363
18.6986986986987 3.7843048413088054
18.70870870870871 3.784520358276969
18.71871871871872 3.784734086684156
18.72872872872873 3.7849460244356674
18.73873873873874 3.7851561694368034
18.74874874874875 3.7853645195928665
18.75875875875876 3.7855710728091574
18.76876876876877 3.7857758269909785
18.77877877877878 3.78597878004363
18.78878878878879 3.786179929872414
18.7987987987988 3.7863792743826323
18.80880880880881 3.7865768114795846
18.81881881881882 3.7867725390685734
18.82882882882883 3.7869664550548996
18.83883883883884 3.787158557343865
18.84884884884885 3.7873488438407708
18.85885885885886 3.7875373124509184
18.86886886886887 3.7877239610796085
18.87887887887888 3.787908787632144
18.88888888888889 3.7880917900138247
18.8988988988989 3.7882729661299526
18.90890890890891 3.788452313885829
18.91891891891892 3.788629831186755
18.92892892892893 3.788805515938032
18.93893893893894 3.7889793660449613
18.94894894894895 3.789151379412845
18.95895895895896 3.789321553946984
18.96896896896897 3.7894898875526795
18.97897897897898 3.789656378135233
18.98898898898899 3.7898210235999454
18.998998998999 3.7899838218521182
19.00900900900901 3.7901447733009714
19.01901901901902 3.7903038918988643
19.02902902902903 3.790461196156042
19.03903903903904 3.790616704586187
19.04904904904905 3.790770435702979
19.05905905905906 3.790922408020098
19.06906906906907 3.791072640051226
19.07907907907908 3.7912211503100433
19.08908908908909 3.791367957310231
19.0990990990991 3.791513079565469
19.10910910910911 3.7916565355894387
19.11911911911912 3.791798343895821
19.12912912912913 3.7919385229982967
19.13913913913914 3.792077091410546
19.14914914914915 3.79221406764625
19.15915915915916 3.792349470219089
19.16916916916917 3.792483317642745
19.17917917917918 3.792615628430897
19.18918918918919 3.7927464210972275
19.1991991991992 3.792875714155416
19.20920920920921 3.7930035261191444
19.21921921921922 3.793129875502092
19.22922922922923 3.7932547808179407
19.23923923923924 3.7933782605803708
19.24924924924925 3.7935003333030632
19.25925925925926 3.7936210174996985
19.26926926926927 3.7937403316839577
19.27927927927928 3.7938582943695214
19.28928928928929 3.7939749240700706
19.2992992992993 3.7940902392992855
19.30930930930931 3.7942042585708475
19.31931931931932 3.794317000398437
19.32932932932933 3.7944284832957345
19.33933933933934 3.794538725776422
19.34934934934935 3.794647746354178
19.35935935935936 3.7947555635426857
19.36936936936937 3.7948621958556243
19.37937937937938 3.794967661806675
19.38938938938939 3.795071979909519
19.3993993993994 3.795175168677836
19.40940940940941 3.795277246625308
19.41941941941942 3.795378232265615
19.42942942942943 3.7954781441124377
19.43943943943944 3.7955770006794576
19.44944944944945 3.7956748204803543
19.45945945945946 3.79577162202881
19.46946946946947 3.7958674238385037
19.47947947947948 3.795962244423118
19.48948948948949 3.7960561022963324
19.4994994994995 3.796149015971828
19.50950950950951 3.796241003963286
19.51951951951952 3.7963320847843867
19.52952952952953 3.7964222769488103
19.53953953953954 3.7965115989702385
19.54954954954955 3.796600069362352
19.55955955955956 3.7966877066388314
19.56956956956957 3.796774529313357
19.57957957957958 3.7968605558996105
19.58958958958959 3.796945804911271
19.5995995995996 3.7970302948620214
19.60960960960961 3.797114044265541
19.61961961961962 3.7971970716355106
19.62962962962963 3.7972793954856123
19.63963963963964 3.797361034329525
19.64964964964965 3.7974420066809302
19.65965965965966 3.7975223310535093
19.66966966966967 3.7976020259609427
19.67967967967968 3.797681109916911
19.68968968968969 3.7977596014350947
19.6996996996997 3.7978375190291747
19.70970970970971 3.797914881212833
19.71971971971972 3.797991706499748
19.72972972972973 3.7980680134036024
19.73973973973974 3.7981438204380757
19.74974974974975 3.7982191461168497
19.75975975975976 3.798294008953605
19.76976976976977 3.7983684274620213
19.77977977977978 3.798442420155781
19.78978978978979 3.798516005548563
19.7997997997998 3.7985892021540493
19.80980980980981 3.798662028485921
19.81981981981982 3.7987345030578576
19.82982982982983 3.798806644383541
19.83983983983984 3.798878470976651
19.84984984984985 3.7989500013508697
19.85985985985986 3.799021254019876
19.86986986986987 3.7990922474973523
19.87987987987988 3.7991630002969785
19.88988988988989 3.799233530932436
19.8998998998999 3.7993038579174048
19.90990990990991 3.799373999765566
19.91991991991992 3.7994439749906
19.92992992992993 3.7995138021061887
19.93993993993994 3.799583499626011
19.94994994994995 3.7996530860637496
19.95995995995996 3.7997225799330843
19.96996996996997 3.7997919997476957
19.97997997997998 3.799861364021265
19.98998998998999 3.799930691267473
20.0 3.8000000000000003
