-20.0 35.0
-19.97997997997998 34.908193995312146
-19.95995995995996 34.816388513333706
-19.93993993993994 34.72458407677411
-19.91991991991992 34.632781208342756
-19.8998998998999 34.54098043074908
-19.87987987987988 34.44918226670249
-19.85985985985986 34.35738723891241
-19.83983983983984 34.26559587008825
-19.81981981981982 34.17380868293944
-19.7997997997998 34.082026200175385
-19.77977977977978 33.9902489445055
-19.75975975975976 33.898477438639226
-19.73973973973974 33.806712205285955
-19.71971971971972 33.71495376715512
-19.6996996996997 33.62320264695613
-19.67967967967968 33.53145936739841
-19.65965965965966 33.439724451191374
-19.63963963963964 33.347998421044444
-19.61961961961962 33.25628179966703
-19.5995995995996 33.164575109768556
-19.57957957957958 33.07287887405843
-19.55955955955956 32.98119361524609
-19.53953953953954 32.889519856040934
-19.51951951951952 32.79785811915239
-19.4994994994995 32.70620892728987
-19.47947947947948 32.6145728031628
-19.45945945945946 32.52295026948059
-19.43943943943944 32.431341848952655
-19.41941941941942 32.33974806428842
-19.3993993993994 32.24816943819731
-19.37937937937938 32.15660649338872
-19.35935935935936 32.0650597525721
-19.33933933933934 31.97352973845683
-19.31931931931932 31.882016973752354
-19.2992992992993 31.790521981168084
-19.27927927927928 31.699045283413437
-19.25925925925926 31.60758740319783
-19.23923923923924 31.516148863230683
-19.21921921921922 31.42473018622141
-19.1991991991992 31.33333189487943
-19.17917917917918 31.241954511914162
-19.15915915915916 31.150598560035025
-19.13913913913914 31.059264561951434
-19.11911911911912 30.967953040372805
-19.0990990990991 30.876664518008564
-19.07907907907908 30.785399517568123
-19.05905905905906 30.694158561760897
-19.03903903903904 30.60294217329631
-19.01901901901902 30.511750874883777
-18.998998998999 30.420585189232714
-18.97897897897898 30.329445639052544
-18.95895895895896 30.238332747052677
-18.93893893893894 30.147247035942538
-18.91891891891892 30.05618902843154
-18.8988988988989 29.965159247229106
-18.87887887887888 29.87415821504465
-18.85885885885886 29.783186454587586
-18.83883883883884 29.69224448856734
-18.81881881881882 29.601332839693324
-18.7987987987988 29.51045203067496
-18.77877877877878 29.419602584221657
-18.75875875875876 29.328785023042844
-18.73873873873874 29.237999869847936
-18.71871871871872 29.147247647346347
-18.6986986986987 29.056528878247494
-18.67867867867868 28.9658440852608
-18.65865865865866 28.87519379109568
-18.63863863863864 28.784578518461554
-18.61861861861862 28.693998790067834
-18.5985985985986 28.603455128623942
-18.57857857857858 28.5129480568393
-18.55855855855856 28.422478097423316
-18.53853853853854 28.332045773085415
-18.51851851851852 28.24165160653501
-18.4984984984985 28.151296120481526
-18.47847847847848 28.060979837634374
-18.45845845845846 27.970703280702974
-18.43843843843844 27.880466972396743
-18.41841841841842 27.7902714354251
-18.3983983983984 27.700117192497466
-18.37837837837838 27.61000476632325
-18.35835835835836 27.51993467961188
-18.33833833833834 27.42990745507276
-18.31831831831832 27.339923615415323
-18.2982982982983 27.24998368334898
-18.27827827827828 27.160088181583152
-18.25825825825826 27.07023763282725
-18.23823823823824 26.9804325597907
-18.21821821821822 26.890673485182912
-18.1981981981982 26.800960931713306
-18.17817817817818 26.711295422091304
-18.15815815815816 26.62167747902632
-18.13813813813814 26.532107625227773
-18.11811811811812 26.442586383405082
-18.0980980980981 26.35311427626766
-18.07807807807808 26.263691826524934
-18.05805805805806 26.17431955688631
-18.03803803803804 26.084997990061215
-18.01801801801802 25.99572764875906
-17.997997997998 25.90650905568927
-17.97797797797798 25.817342733561258
-17.95795795795796 25.728229205084443
-17.93793793793794 25.639168992968237
-17.91791791791792 25.55016261992207
-17.8978978978979 25.46121060865535
-17.87787787787788 25.3723134818775
-17.85785785785786 25.283471762297935
-17.83783783783784 25.194685972626075
-17.81781781781782 25.105956635571335
-17.7977977977978 25.017284273843135
-17.77777777777778 24.928669410150892
-17.75775775775776 24.840112567204024
-17.73773773773774 24.751614267711947
-17.71771771771772 24.663175034384082
-17.6976976976977 24.574795389929843
-17.67767767767768 24.486475857058654
-17.65765765765766 24.398216958479924
-17.63763763763764 24.31001921690308
-17.61761761761762 24.22188315503753
-17.5975975975976 24.1338092955927
-17.57757757757758 24.045798161278007
-17.55755755755756 23.957850274802865
-17.53753753753754 23.869966158876693
-17.51751751751752 23.78214633620891
-17.4974974974975 23.69439132950893
-17.47747747747748 23.606701661486177
-17.45745745745746 23.519077854850067
-17.43743743743744 23.431520432310013
-17.41741741741742 23.344029916575437
-17.3973973973974 23.256606830355757
-17.37737737737738 23.16925169636039
-17.35735735735736 23.08196503729875
-17.33733733733734 22.994747375880262
-17.31731731731732 22.90759923481434
-17.2972972972973 22.820521136810402
-17.27727727727728 22.733513604577865
-17.25725725725726 22.646577160826148
-17.237237237237238 22.55971232826467
-17.217217217217218 22.472919629602842
-17.197197197197198 22.38619958755009
-17.177177177177178 22.29955272481583
-17.157157157157158 22.212979564109478
-17.137137137137138 22.126480628140452
-17.117117117117118 22.04005643961817
-17.097097097097098 21.95370752125205
-17.077077077077078 21.867434395751506
-17.057057057057058 21.781237585825963
-17.037037037037038 21.695117614184834
-17.017017017017018 21.60907500353754
-16.996996996996998 21.523110276593492
-16.976976976976978 21.437223956062116
-16.956956956956958 21.351416564652826
-16.936936936936938 21.26568862507504
-16.916916916916918 21.180040660038177
-16.896896896896898 21.094473192251655
-16.876876876876878 21.008986744424888
-16.856856856856858 20.923581839267296
-16.836836836836838 20.8382589994883
-16.816816816816818 20.753018747797313
-16.796796796796798 20.667861606903756
-16.776776776776778 20.582788099517042
-16.756756756756758 20.497798748346597
-16.736736736736738 20.412894076101832
-16.716716716716718 20.328074605492166
-16.696696696696698 20.243340859227015
-16.676676676676678 20.158693360015803
-16.656656656656658 20.074132630567945
-16.636636636636638 19.989659193592857
-16.616616616616618 19.90527357179996
-16.596596596596598 19.820976287898667
-16.576576576576578 19.7367678645984
-16.556556556556558 19.652648824608573
-16.536536536536538 19.568619690638606
-16.516516516516518 19.48468098539792
-16.496496496496498 19.40083323159593
-16.476476476476478 19.31707695194205
-16.456456456456458 19.2334126691457
-16.436436436436438 19.149840905916303
-16.416416416416418 19.06636218496327
-16.396396396396398 18.98297702899602
-16.376376376376378 18.89968596072398
-16.356356356356358 18.81648950285655
-16.336336336336338 18.733388178103166
-16.316316316316318 18.650382509173234
-16.296296296296298 18.567473018776177
-16.276276276276278 18.48466022962141
-16.256256256256258 18.40194466441835
-16.236236236236238 18.31932684587642
-16.216216216216218 18.236807296705035
-16.196196196196198 18.15438653961361
-16.176176176176178 18.07206509731157
-16.156156156156158 17.989843492508324
-16.136136136136138 17.907722247913295
-16.116116116116117 17.825701886235898
-16.096096096096097 17.743782930185553
-16.076076076076077 17.661965902471678
-16.056056056056057 17.58025132580369
-16.036036036036037 17.498639722891006
-16.016016016016017 17.417131616443044
-15.995995995995996 17.335727529169215
-15.975975975975976 17.254427983778953
-15.955955955955956 17.173233502981663
-15.935935935935936 17.092144609486773
-15.915915915915916 17.01116182600369
-15.895895895895896 16.930285675241837
-15.875875875875876 16.849516679910632
-15.855855855855856 16.768855362719496
-15.835835835835836 16.688302246377837
-15.815815815815816 16.60785785359508
-15.795795795795796 16.527522707080642
-15.775775775775776 16.44729732954394
-15.755755755755755 16.36718224369439
-15.735735735735735 16.287177972241413
-15.715715715715715 16.207285037894426
-15.695695695695695 16.127503963362845
-15.675675675675675 16.04783527135609
-15.655655655655655 15.968279484583576
-15.635635635635635 15.888837125754723
-15.615615615615615 15.809508717578948
-15.595595595595595 15.730294782765672
-15.575575575575575 15.651195844024308
-15.555555555555555 15.572212424064276
-15.535535535535535 15.493345045594992
-15.515515515515515 15.414594231325877
-15.495495495495495 15.335960503966348
-15.475475475475475 15.25744438622582
-15.455455455455455 15.17904640081371
-15.435435435435435 15.100767070439442
-15.415415415415415 15.02260691781243
-15.395395395395395 14.944566465642092
-15.375375375375375 14.866646236637846
-15.355355355355355 14.78884675350911
-15.335335335335335 14.711168538965302
-15.315315315315315 14.633612115715838
-15.295295295295295 14.556178006470137
-15.275275275275275 14.478866733937618
-15.255255255255255 14.401678820827698
-15.235235235235235 14.324614789849793
-15.215215215215215 14.247675163713321
-15.195195195195195 14.170860465127703
-15.175175175175175 14.094171216802355
-15.155155155155155 14.017607941446693
-15.135135135135135 13.941171161770137
-15.115115115115115 13.864861400482106
-15.095095095095095 13.788679180292013
-15.075075075075075 13.71262502390928
-15.055055055055055 13.636699454043324
-15.035035035035035 13.56090299340356
-15.015015015015015 13.485236164699412
-14.994994994994995 13.40969949064029
-14.974974974974975 13.334293493935618
-14.954954954954955 13.259018697294811
-14.934934934934935 13.183875623427287
-14.914914914914915 13.108864795042464
-14.894894894894895 13.03398673484976
-14.874874874874875 12.959241965558594
-14.854854854854855 12.88463100987838
-14.834834834834835 12.810154390518536
-14.814814814814815 12.735812630188484
-14.794794794794795 12.661606251597641
-14.774774774774775 12.587535777455424
-14.754754754754755 12.51360173047125
-14.734734734734735 12.439804633354537
-14.714714714714715 12.366145008814703
-14.694694694694695 12.292623379561165
-14.674674674674675 12.219240268303343
-14.654654654654655 12.145996197750653
-14.634634634634635 12.072891690612511
-14.614614614614615 11.99992726959834
-14.594594594594595 11.927103457417553
-14.574574574574575 11.85442077677957
-14.554554554554555 11.78187975039381
-14.534534534534535 11.709480900969686
-14.514514514514515 11.63722475121662
-14.494494494494495 11.565111823844028
-14.474474474474475 11.49314264156133
-14.454454454454455 11.421317727077941
-14.434434434434435 11.34963760310328
-14.414414414414415 11.278102792346765
-14.394394394394395 11.206713817517814
-14.374374374374375 11.135471201325844
-14.354354354354355 11.064375466480273
-14.334334334334335 10.993427135690522
-14.314314314314315 10.922626731666004
-14.294294294294295 10.851974777116137
-14.274274274274275 10.78147179475034
-14.254254254254255 10.711118307278033
-14.234234234234235 10.64091483740863
-14.214214214214214 10.57086190785155
-14.194194194194194 10.500960041316212
-14.174174174174174 10.431209760512035
-14.154154154154154 10.361611588148435
-14.134134134134134 10.29216604693483
-14.114114114114114 10.222873659580635
-14.094094094094094 10.153734948795273
-14.074074074074074 10.08475043728816
-14.054054054054054 10.015920647768711
-14.034034034034034 9.947246102946346
-14.014014014014014 9.878727325530484
-13.993993993993994 9.81036483823054
-13.973973973973974 9.742159163755936
-13.953953953953954 9.674110824816085
-13.933933933933934 9.606220344120405
-13.913913913913914 9.538488244378318
-13.893893893893894 9.47091504829924
-13.873873873873874 9.403501278592586
-13.853853853853854 9.336247457967778
-13.833833833833834 9.26915410913423
-13.813813813813814 9.202221754801363
-13.793793793793794 9.135450917678591
-13.773773773773774 9.068842120475336
-13.753753753753754 9.002395885901013
-13.733733733733734 8.936112736665041
-13.713713713713714 8.86999319547684
-13.693693693693694 8.804037785045821
-13.673673673673674 8.738247028081409
-13.653653653653654 8.672621447293018
-13.633633633633634 8.607161565390065
-13.613613613613614 8.541867905081972
-13.593593593593594 8.476740989078152
-13.573573573573572 8.41178134008802
-13.553553553553552 8.346989480821005
-13.533533533533532 8.282365933986517
-13.513513513513512 8.217911222293978
-13.493493493493492 8.153625868452803
-13.473473473473472 8.089510395172407
-13.453453453453452 8.025565325162214
-13.433433433433432 7.9617911811316375
-13.413413413413412 7.8981884857900955
-13.393393393393392 7.834757761847008
-13.373373373373372 7.7714995320117914
-13.353353353353352 7.708414318993863
-13.333333333333332 7.64550264550264
-13.313313313313312 7.582765034247544
-13.293293293293292 7.520202007937987
-13.273273273273272 7.457814089283392
-13.253253253253252 7.395601800993175
-13.233233233233232 7.333565665776753
-13.213213213213212 7.271706206343543
-13.193193193193192 7.210023945402964
-13.173173173173172 7.148519405664436
-13.153153153153152 7.087193109837373
-13.133133133133132 7.026045580631191
-13.113113113113112 6.965077340755315
-13.093093093093092 6.904288912919158
-13.073073073073072 6.843680819832141
-13.053053053053052 6.783253584203678
-13.033033033033032 6.723007728743188
-13.013013013013012 6.662943776160089
-12.992992992992992 6.6030622491638
-12.972972972972972 6.543363670463738
-12.952952952952952 6.48384856276932
-12.932932932932932 6.424517448789965
-12.912912912912912 6.365370851235089
-12.892892892892892 6.306409292814111
-12.872872872872872 6.24763329623645
-12.852852852852852 6.189043384211521
-12.832832832832832 6.130640079448744
-12.812812812812812 6.072423904657535
-12.792792792792792 6.014395382547314
-12.772772772772772 5.956555035827497
-12.752752752752752 5.898903387207504
-12.732732732732732 5.84144095939675
-12.712712712712712 5.784168275104653
-12.692692692692692 5.727085857040633
-12.672672672672672 5.670194227914107
-12.652652652652652 5.613493910434491
-12.632632632632632 5.556985427311206
-12.612612612612612 5.500669301253667
-12.592592592592592 5.444546054971292
-12.572572572572572 5.3886162111735
-12.552552552552552 5.332880292569709
-12.532532532532532 5.2773388218693364
-12.512512512512512 5.221992321781799
-12.492492492492492 5.166841315016515
-12.472472472472472 5.111886324282903
-12.452452452452452 5.05712787229038
-12.432432432432432 5.002566481748365
-12.412412412412412 4.948202675366273
-12.392392392392392 4.894036975853526
-12.372372372372372 4.840069905919538
-12.352352352352352 4.7863019882737285
-12.332332332332332 4.7327337456255165
-12.312312312312311 4.679365700684317
-12.292292292292291 4.626198376159548
-12.272272272272271 4.57323229476063
-12.252252252252251 4.520467979196979
-12.232232232232231 4.467905952178012
-12.212212212212211 4.415546736413148
-12.192192192192191 4.363390854611799
-12.172172172172171 4.311438829483394
-12.152152152152151 4.2596911837373455
-12.132132132132131 4.208148440083072
-12.112112112112111 4.156811121229989
-12.092092092092091 4.105679749887515
-12.072072072072071 4.05475484876507
-12.052052052052051 4.004036940572068
-12.032032032032031 3.9535265480179307
-12.012012012012011 3.9032241938120738
-11.991991991991991 3.8531304006639138
-11.971971971971971 3.8032456912828723
-11.951951951951951 3.7535705883783645
-11.931931931931931 3.7041056146598077
-11.911911911911911 3.6548512928366215
-11.891891891891891 3.605808145618222
-11.871871871871871 3.5569766957140265
-11.851851851851851 3.5083574658334564
-11.831831831831831 3.4599509786859257
-11.811811811811811 3.4117577569808533
-11.791791791791791 3.3637783234276593
-11.771771771771771 3.3160132007357572
-11.751751751751751 3.2684629116145687
-11.731731731731731 3.221127978773509
-11.711711711711711 3.174008924921997
-11.691691691691691 3.1271062727694496
-11.671671671671671 3.080420545025287
-11.651651651651651 3.033952264398924
-11.631631631631631 2.9877019535997804
-11.611611611611611 2.9416701353372727
-11.591591591591591 2.8958573323208197
-11.571571571571571 2.850264067259839
-11.551551551551551 2.8048908628637474
-11.531531531531531 2.759738241841965
-11.511511511511511 2.714806726903908
-11.491491491491491 2.670096840758993
-11.471471471471471 2.625609106116638
-11.451451451451451 2.5813440456862633
-11.431431431431431 2.537302182177285
-11.411411411411411 2.4934840382991235
-11.391391391391391 2.44989013676119
-11.37137137137137 2.4065210002729085
-11.35135135135135 2.3633771515436948
-11.33133133133133 2.3204591132829666
-11.31131131131131 2.277767408200142
-11.29129129129129 2.235302559004639
-11.27127127127127 2.1930650884058736
-11.25125125125125 2.1510555191132665
-11.23123123123123 2.109274373836233
-11.21121121121121 2.0677221752841914
-11.19119119119119 2.02639944616656
-11.17117117117117 1.9853067091927565
-11.15115115115115 1.9444444870722002
-11.13113113113113 1.9038133025143065
-11.11111111111111 1.8634136782284934
-11.09109109109109 1.8232461369241797
-11.07107107107107 1.7833112013107826
-11.05105105105105 1.7436093940977218
-11.03103103103103 1.7041412379944116
-11.01101101101101 1.664907255710272
-10.99099099099099 1.6259079699547208
-10.97097097097097 1.587143903437176
-10.95095095095095 1.548615578867052
-10.93093093093093 1.510323518953765
-10.91091091091091 1.4722682464067454
-10.89089089089089 1.4344502839353996
-10.87087087087087 1.3968701542491502
-10.85085085085085 1.3595283800574123
-10.83083083083083 1.3224254840696066
-10.81081081081081 1.2855619889951466
-10.79079079079079 1.2489384175434548
-10.77077077077077 1.2125552924239447
-10.75075075075075 1.1764131363460368
-10.73073073073073 1.1405124720191502
-10.71071071071071 1.1048538221526982
-10.69069069069069 1.0694377094561016
-10.67067067067067 1.0342646566387792
-10.65065065065065 0.9993351864101445
-10.63063063063063 0.96464982147962
-10.61061061061061 0.9302090845566227
-10.59059059059059 0.8960134983505679
-10.57057057057057 0.8620635855708727
-10.55055055055055 0.8283598689269596
-10.53053053053053 0.794902871128242
-10.51051051051051 0.7616931148841406
-10.49049049049049 0.7287311229040725
-10.47047047047047 0.696017417897453
-10.45045045045045 0.6635525225737027
-10.43043043043043 0.6313369596422387
-10.41041041041041 0.5993712518124799
-10.39039039039039 0.5676559217938415
-10.37037037037037 0.5361914922957425
-10.35035035035035 0.5049784860276016
-10.33033033033033 0.4740174256988343
-10.31031031031031 0.4433088340188611
-10.29029029029029 0.41285323369709737
-10.27027027027027 0.3826511474429637
-10.25025025025025 0.3527030979658772
-10.23023023023023 0.32300960797525313
-10.21021021021021 0.2935712001805104
-10.19019019019019 0.26438839729106967
-10.17017017017017 0.2354617220163444
-10.15015015015015 0.20679169706575706
-10.13013013013013 0.17837884514871938
-10.11011011011011 0.150223688974652
-10.09009009009009 0.12232675125297554
-10.07007007007007 0.09468855469310355
-10.05005005005005 0.06730962200445667
-10.03003003003003 0.04019047589645375
-10.01001001001001 0.01333163907850654
-9.98998998998999 -0.013266393967415304
-9.96996996996997 -0.03960377799081366
-9.94994994994995 -0.06568131697264831
-9.92992992992993 -0.09149984312133445
-9.90990990990991 -0.11706018864528722
-9.88988988988989 -0.14236318575292178
-9.86986986986987 -0.16740966665265333
-9.84984984984985 -0.192200463552897
-9.82982982982983 -0.21673640866206795
-9.80980980980981 -0.2410183341885814
-9.78978978978979 -0.26504707234085245
-9.76976976976977 -0.2888234553272964
-9.74974974974975 -0.3123483153563283
-9.72972972972973 -0.33562248463636324
-9.70970970970971 -0.35864679537581656
-9.68968968968969 -0.38142207978310333
-9.66966966966967 -0.4039491700666387
-9.64964964964965 -0.42622889843483797
-9.62962962962963 -0.44826209709611614
-9.60960960960961 -0.4700495982588885
-9.58958958958959 -0.49159223413157005
-9.56956956956957 -0.5128908369225761
-9.54954954954955 -0.5339462388403219
-9.52952952952953 -0.5547592720932224
-9.50950950950951 -0.575330768889693
-9.48948948948949 -0.5956615614381486
-9.46946946946947 -0.6157524819470045
-9.44944944944945 -0.6356043626246759
-9.42942942942943 -0.655218035679578
-9.40940940940941 -0.674594333320126
-9.38938938938939 -0.6937340877547348
-9.36936936936937 -0.7126381311918197
-9.34934934934935 -0.731307295839796
-9.32932932932933 -0.7497424139070789
-9.30930930930931 -0.7679443176020833
-9.28928928928929 -0.7859138391332244
-9.26926926926927 -0.8036518107089176
-9.24924924924925 -0.8211590645375779
-9.22922922922923 -0.8384364328276206
-9.20920920920921 -0.8554847477874606
-9.18918918918919 -0.8723048416255135
-9.16916916916917 -0.8888975465501939
-9.14914914914915 -0.9052636947699174
-9.12912912912913 -0.9214041184930991
-9.10910910910911 -0.937319649928154
-9.08908908908909 -0.9530111212834974
-9.06906906906907 -0.9684793647675444
-9.04904904904905 -0.9837252125887104
-9.02902902902903 -0.9987494969554102
-9.00900900900901 -1.0135530500760592
-8.98898898898899 -1.0281367041590725
-8.96896896896897 -1.0425012914128653
-8.94894894894895 -1.056647644045853
-8.92892892892893 -1.07057659426645
-8.90890890890891 -1.0842889742830721
-8.88888888888889 -1.0977856163041344
-8.86886886886887 -1.111067352538052
-8.84884884884885 -1.12413501519324
-8.82882882882883 -1.136989436478114
-8.80880880880881 -1.1496314486010886
-8.78878878878879 -1.162061883770579
-8.76876876876877 -1.1742815741950008
-8.74874874874875 -1.186291352082769
-8.72872872872873 -1.1980920496422984
-8.70870870870871 -1.2096844990820044
-8.68868868868869 -1.2210695326103025
-8.66866866866867 -1.232247982435607
-8.64864864864865 -1.2432206807663342
-8.62862862862863 -1.2539884598108983
-8.608608608608609 -1.2645521517777152
-8.588588588588589 -1.2749125888751998
-8.568568568568569 -1.285070603311767
-8.548548548548549 -1.2950270272958322
-8.528528528528529 -1.3047826930358106
-8.508508508508509 -1.3143384327401175
-8.488488488488489 -1.3236950786171673
-8.468468468468469 -1.3328534628753765
-8.448448448448449 -1.3418144177231586
-8.428428428428429 -1.3505787753689305
-8.408408408408409 -1.359147368021106
-8.388388388388389 -1.3675210278881011
-8.368368368368369 -1.375700587178331
-8.348348348348349 -1.3836868781002098
-8.328328328328329 -1.3914807328621541
-8.308308308308309 -1.3990829836725778
-8.288288288288289 -1.406494462739897
-8.268268268268269 -1.4137160022725264
-8.248248248248249 -1.4207484344788814
-8.228228228228229 -1.4275925915673766
-8.208208208208209 -1.4342493057464283
-8.188188188188189 -1.4407194092244502
-8.168168168168169 -1.4470037342098587
-8.148148148148149 -1.4531031129110685
-8.128128128128129 -1.4590183775364949
-8.108108108108109 -1.464750360294553
-8.088088088088089 -1.4702998933936573
-8.068068068068069 -1.4756678090422242
-8.048048048048049 -1.480854939448668
-8.028028028028029 -1.4858621168214041
-8.008008008008009 -1.4906901733688476
-7.987987987987989 -1.495339941299414
-7.967967967967969 -1.4998122528215179
-7.947947947947949 -1.504107940143575
-7.927927927927929 -1.508227835474
-7.907907907907909 -1.512172771021209
-7.887887887887889 -1.5159435789936153
-7.867867867867869 -1.5195410915996364
-7.847847847847849 -1.5229661410476858
-7.827827827827829 -1.5262195595461792
-7.807807807807809 -1.5293021793035317
-7.787787787787789 -1.5322148325281586
-7.767767767767769 -1.534958351428475
-7.7477477477477485 -1.5375335682128959
-7.7277277277277285 -1.5399413150898367
-7.7077077077077085 -1.5421824242677125
-7.6876876876876885 -1.5442577279549385
-7.6676676676676685 -1.5461680583599295
-7.6476476476476485 -1.5479142476911014
-7.6276276276276285 -1.549497128156869
-7.6076076076076085 -1.550917531965647
-7.5875875875875884 -1.5521762913258512
-7.567567567567568 -1.5532742384458964
-7.547547547547548 -1.5542122055341983
-7.527527527527528 -1.554991024799171
-7.507507507507508 -1.555611528449231
-7.487487487487488 -1.5560745486927923
-7.467467467467468 -1.5563809177382708
-7.447447447447448 -1.5565314677940814
-7.427427427427428 -1.5565270310686394
-7.407407407407408 -1.5563684397703599
-7.387387387387388 -1.556056526107658
-7.367367367367368 -1.5555921222889488
-7.347347347347348 -1.554976060522648
-7.327327327327328 -1.55420917301717
-7.307307307307308 -1.5532922919809302
-7.287287287287288 -1.5522262496223445
-7.267267267267268 -1.5510118781498266
-7.247247247247248 -1.5496500097717931
-7.227227227227228 -1.5481414766966581
-7.207207207207208 -1.5464871111328378
-7.187187187187188 -1.5446877452887462
-7.167167167167166 -1.5427442113727992
-7.147147147147146 -1.5406573415934122
-7.127127127127126 -1.5384279681589996
-7.107107107107106 -1.536056923277978
-7.087087087087086 -1.5335450391587602
-7.067067067067066 -1.5308931480097638
-7.047047047047046 -1.5281020820394025
-7.027027027027026 -1.5251726734560918
-7.007007007007006 -1.5221057544682473
-6.986986986986986 -1.5189021572842827
-6.966966966966966 -1.5155627141126153
-6.946946946946946 -1.512088257161659
-6.926926926926926 -1.508479618639828
-6.906906906906906 -1.5047376307555398
-6.886886886886886 -1.500863125717209
-6.866866866866866 -1.496856935733249
-6.846846846846846 -1.492719893012076
-6.826826826826826 -1.4884528297621065
-6.806806806806806 -1.4840565781917543
-6.786786786786786 -1.4795319705094343
-6.766766766766766 -1.4748798389235624
-6.746746746746746 -1.4701010156425522
-6.726726726726726 -1.4651963328748214
-6.706706706706706 -1.4601666228287842
-6.686686686686686 -1.455012717712855
-6.666666666666666 -1.4497354497354489
-6.646646646646646 -1.4443356511049825
-6.626626626626626 -1.43881415402987
-6.606606606606606 -1.4331717907185262
-6.586586586586586 -1.4274093933793663
-6.566566566566566 -1.421527794220807
-6.546546546546546 -1.415527825451262
-6.526526526526526 -1.4094103192791465
-6.506506506506506 -1.4031761079128766
-6.486486486486486 -1.3968260235608658
-6.466466466466466 -1.390360898431531
-6.446446446446446 -1.3837815647332872
-6.426426426426426 -1.3770888546745481
-6.406406406406406 -1.3702836004637295
-6.386386386386386 -1.3633666343092479
-6.366366366366366 -1.3563387884195168
-6.346346346346346 -1.3492008950029528
-6.326326326326326 -1.3419537862679691
-6.306306306306306 -1.334598294422983
-6.286286286286286 -1.3271352516764092
-6.266266266266266 -1.3195654902366614
-6.246246246246246 -1.311889842312156
-6.226226226226226 -1.3041091401113072
-6.206206206206206 -1.2962242158425323
-6.186186186186186 -1.2882359017142448
-6.166166166166166 -1.2801450299348591
-6.146146146146146 -1.2719524327127913
-6.126126126126126 -1.263658942256458
-6.106106106106106 -1.255265390774272
-6.086086086086086 -1.2467726104746502
-6.066066066066066 -1.2381814335660057
-6.046046046046046 -1.2294926922567568
-6.026026026026026 -1.2207072187553165
-6.006006006006006 -1.2118258452700994
-5.985985985985986 -1.202849404009523
-5.965965965965966 -1.1937787271819993
-5.945945945945946 -1.1846146469959467
-5.925925925925926 -1.1753579956597777
-5.905905905905906 -1.1660096053819102
-5.885885885885886 -1.156570308370757
-5.865865865865866 -1.1470409368347338
-5.8458458458458455 -1.1374223229822567
-5.8258258258258255 -1.12771529902174
-5.8058058058058055 -1.1179206971615998
-5.7857857857857855 -1.1080393496102496
-5.7657657657657655 -1.0980720885761053
-5.7457457457457455 -1.0880197462675831
-5.7257257257257255 -1.0778831548930976
-5.7057057057057055 -1.0676631466610624
-5.685685685685685 -1.057360553779895
-5.665665665665665 -1.0469762084580103
-5.645645645645645 -1.036510942903822
-5.625625625625625 -1.0259655893257447
-5.605605605605605 -1.0153409799321973
-5.585585585585585 -1.0046379469315914
-5.565565565565565 -0.9938573225323433
-5.545545545545545 -0.9829999389428687
-5.525525525525525 -0.9720666283715813
-5.505505505505505 -0.9610582230268976
-5.485485485485485 -0.9499755551172324
-5.465465465465465 -0.9388194568510013
-5.445445445445445 -0.9275907604366183
-5.425425425425425 -0.9162902980824996
-5.405405405405405 -0.9049189019970607
-5.385385385385385 -0.8934774043887161
-5.365365365365365 -0.881966637465879
-5.345345345345345 -0.8703874334369688
-5.325325325325325 -0.8587406245103983
-5.305305305305305 -0.847027042894581
-5.285285285285285 -0.8352475207979362
-5.265265265265265 -0.8234028904288744
-5.245245245245245 -0.8114939839958151
-5.225225225225225 -0.79952163370717
-5.205205205205205 -0.7874866717713565
-5.185185185185185 -0.7753899303967886
-5.165165165165165 -0.763232241791882
-5.145145145145145 -0.7510144381650512
-5.125125125125125 -0.7387373517247129
-5.105105105105105 -0.7264018146792797
-5.085085085085085 -0.7140086592371699
-5.065065065065065 -0.7015587176067974
-5.045045045045045 -0.6890528219965764
-5.025025025025025 -0.6764918046149226
-5.005005005005005 -0.66387649767025
-4.984984984984985 -0.6512077333709763
-4.964964964964965 -0.638486343925516
-4.944944944944945 -0.6257131615422842
-4.924924924924925 -0.6128890184296925
-4.904904904904905 -0.6000147467961612
-4.884884884884885 -0.5870911788501036
-4.864864864864865 -0.5741191467999363
-4.844844844844845 -0.5610994828540696
-4.824824824824825 -0.5480330192209233
-4.804804804804805 -0.5349205881089114
-4.784784784784785 -0.5217630217264482
-4.764764764764765 -0.5085611522819504
-4.744744744744745 -0.495315811983831
-4.724724724724725 -0.4820278330405072
-4.704704704704705 -0.46869804766039325
-4.684684684684685 -0.45532728805190414
-4.664664664664665 -0.44191638642345454
-4.644644644644645 -0.4284661749834626
-4.624624624624625 -0.41497748594034123
-4.604604604604605 -0.40145115150250366
-4.584584584584585 -0.3878880038783672
-4.564564564564565 -0.37428887527634824
-4.544544544544545 -0.3606545979048601
-4.524524524524525 -0.34698600397232005
-4.504504504504505 -0.3332839256871396
-4.484484484484485 -0.31954919525773695
-4.464464464464465 -0.30578264489252494
-4.444444444444445 -0.29198510679991996
-4.424424424424425 -0.27815741318833886
-4.404404404404405 -0.2643003962661954
-4.384384384384385 -0.25041488824190417
-4.364364364364365 -0.23650172132388025
-4.344344344344345 -0.22256172772053961
-4.324324324324325 -0.20859573964029687
-4.3043043043043046 -0.1946045892915671
-4.2842842842842845 -0.18058910888276758
-4.2642642642642645 -0.16655013062231028
-4.2442442442442445 -0.15248848671861248
-4.2242242242242245 -0.13840500938008704
-4.2042042042042045 -0.12430053081515391
-4.1841841841841845 -0.1101758832322215
-4.1641641641641645 -0.09603189883971064
-4.1441441441441444 -0.08186940984603419
-4.124124124124124 -0.06768924845960855
-4.104104104104104 -0.05349224688884524
-4.084084084084084 -0.03927923734216554
-4.064064064064064 -0.025051052027979193
-4.044044044044044 -0.010808523154702154
-4.024024024024024 0.0034475170692465085
-4.004004004004004 0.0177162364354575
-3.9839839839839826 0.0319968027355122
-3.9639639639639626 0.046288383760993757
-3.9439439439439425 0.06059014730348977
-3.9239239239239225 0.07490126115458295
-3.9039039039039025 0.0892208931058609
-3.8838838838838825 0.10354821094890543
-3.8638638638638625 0.11788238247530725
-3.8438438438438425 0.13222257547664196
-3.8238238238238225 0.1465679577445025
-3.8038038038038025 0.16091769707046844
-3.7837837837837824 0.1752709612461274
-3.7637637637637624 0.18962691806306253
-3.7437437437437424 0.20398473531286143
-3.7237237237237224 0.21834358078710725
-3.7037037037037024 0.23270262227738225
-3.6836836836836824 0.24706102757527848
-3.6636636636636624 0.26141796447237287
-3.6436436436436423 0.2757726007602539
-3.6236236236236223 0.2901241042305056
-3.6036036036036023 0.30447164267471294
-3.5835835835835823 0.3188143838844608
-3.5635635635635623 0.33315149565133506
-3.5435435435435423 0.3474821457669188
-3.5235235235235223 0.36180550202279793
-3.5035035035035023 0.3761207322105582
-3.4834834834834822 0.3904270041217819
-3.4634634634634622 0.4047234855480566
-3.443443443443442 0.4190093442809655
-3.423423423423422 0.4332837481120926
-3.403403403403402 0.44754586483302283
-3.383383383383382 0.46179486223534383
-3.363363363363362 0.4760299081106387
-3.343343343343342 0.4902501702504942
-3.323323323323322 0.5044548164464908
-3.303303303303302 0.5186430144902161
-3.283283283283282 0.5328139321732541
-3.263263263263262 0.5469667372871898
-3.243243243243242 0.5611005976236099
-3.223223223223222 0.5752146809740974
-3.203203203203202 0.5893081551302339
-3.183183183183182 0.6033801878836114
-3.163163163163162 0.6174299470258129
-3.143143143143142 0.6314566003484181
-3.123123123123122 0.6454593156430155
-3.103103103103102 0.6594372607011891
-3.083083083083082 0.6733896033145257
-3.063063063063062 0.6873155112746065
-3.043043043043042 0.7012141523730211
-3.023023023023022 0.7150846944013498
-3.003003003003002 0.7289263051511821
-2.982982982982982 0.7427381524140966
-2.962962962962962 0.7565194039816818
-2.942942942942942 0.7702692276455245
-2.922922922922922 0.7839867911972069
-2.902902902902902 0.797671262428314
-2.882882882882882 0.8113218091304315
-2.862862862862862 0.82493759909514
-2.842842842842842 0.8385178001140332
-2.822822822822822 0.8520615799786899
-2.802802802802802 0.8655681064806933
-2.782782782782782 0.87903654741163
-2.762762762762762 0.8924660705630894
-2.7427427427427418 0.9058558437266493
-2.7227227227227218 0.9192050346938974
-2.7027027027027017 0.9325128112564229
-2.6826826826826817 0.945778341205803
-2.6626626626626617 0.9590007923336268
-2.6426426426426417 0.9721793324314802
-2.6226226226226217 0.9853131292909447
-2.6026026026026017 0.9984013507036078
-2.5825825825825817 1.0114431644610482
-2.5625625625625617 1.0244377383548606
-2.5425425425425416 1.0373842401766256
-2.5225225225225216 1.0502818377179235
-2.5025025025025016 1.0631296987703465
-2.4824824824824816 1.0759269911254723
-2.4624624624624616 1.0886728825748966
-2.4424424424424416 1.101366540910191
-2.4224224224224216 1.1140071339229465
-2.4024024024024015 1.1265938294047517
-2.3823823823823815 1.1391257951471845
-2.3623623623623615 1.1516021989418341
-2.3423423423423415 1.1640222085802812
-2.3223223223223215 1.1763849918541167
-2.3023023023023015 1.188689716554923
-2.2822822822822815 1.2009355504742825
-2.2622622622622615 1.213121661403779
-2.2422422422422414 1.2252472171350028
-2.2222222222222214 1.2373113854595363
-2.2022022022022014 1.2493133341689617
-2.1821821821821814 1.2612522310548684
-2.1621621621621614 1.2731272439088368
-2.1421421421421414 1.2849375405224563
-2.1221221221221214 1.2966822886873093
-2.1021021021021014 1.3083606561949779
-2.0820820820820813 1.319971810837055
-2.0620620620620613 1.3315149204051142
-2.0420420420420413 1.3429891526907483
-2.0220220220220213 1.3543936754855395
-2.0020020020020013 1.3657276565810736
-1.9819819819819813 1.3769902637689384
-1.9619619619619613 1.3881806648407107
-1.9419419419419413 1.3992980275879834
-1.9219219219219212 1.4103415198023317
-1.9019019019019012 1.4213103092753556
-1.8818818818818812 1.432203563798625
-1.8618618618618612 1.443020451163731
-1.8418418418418412 1.4537601391622612
-1.8218218218218212 1.4644217955857908
-1.8018018018018012 1.4750045882259162
-1.7817817817817811 1.4855076848742232
-1.7617617617617611 1.4959302533222836
-1.7417417417417411 1.5062714613616883
-1.721721721721721 1.5165304767840269
-1.701701701701701 1.526706467380878
-1.681681681681681 1.5367986009438308
-1.661661661661661 1.5468060452644643
-1.641641641641641 1.5567279681343713
-1.621621621621621 1.5665635373451323
-1.601601601601601 1.5763119206883314
-1.581581581581581 1.5859722859555543
-1.561561561561561 1.5955438009383869
-1.541541541541541 1.6050256334284114
-1.521521521521521 1.6144169512172155
-1.501501501501501 1.623716922096385
-1.481481481481481 1.632924713857502
-1.461461461461461 1.642039494292149
-1.441441441441441 1.6510604311919153
-1.421421421421421 1.6599866923483866
-1.401401401401401 1.6688174455531417
-1.381381381381381 1.67755185859777
-1.3613613613613609 1.686189099273859
-1.3413413413413409 1.6947283353729858
-1.3213213213213209 1.7031687346867415
-1.3013013013013008 1.7115094650067064
-1.2812812812812808 1.7197496941244683
-1.2612612612612608 1.7278885898316148
-1.2412412412412408 1.735925319919728
-1.2212212212212208 1.7438590521803885
-1.2012012012012008 1.7516889544051875
-1.1811811811811808 1.7594141943857071
-1.1611611611611607 1.767033939913528
-1.1411411411411407 1.774547358780243
-1.1211211211211207 1.7819536187774307
-1.1011011011011007 1.7892518876966808
-1.0810810810810807 1.796441333329577
-1.0610610610610607 1.8035211234676982
-1.0410410410410407 1.8104904259026355
-1.0210210210210207 1.817348408425973
-1.0010010010010006 1.8240942388292964
-0.9809809809809806 1.8307270849041863
-0.9609609609609606 1.8372461144422303
-0.9409409409409406 1.8436504952350141
-0.9209209209209206 1.84993939507412
-0.9009009009009006 1.8561119817511376
-0.8808808808808806 1.8621674230576453
-0.8608608608608606 1.8681048867852308
-0.8408408408408405 1.8739235407254782
-0.8208208208208205 1.8796225526699768
-0.8008008008008005 1.885201090410309
-0.7807807807807805 1.8906583217380533
-0.7607607607607605 1.8959934144447992
-0.7407407407407405 1.9012055363221378
-0.7207207207207205 1.9062938551616462
-0.7007007007007005 1.9112575387549064
-0.6806806806806804 1.9160957548935151
-0.6606606606606604 1.9208076713690456
-0.6406406406406404 1.9253924559730908
-0.6206206206206204 1.9298492764972277
-0.6006006006006004 1.9341773007330456
-0.5805805805805804 1.9383756964721321
-0.5605605605605604 1.9424436315060696
-0.5405405405405403 1.9463802736264366
-0.5205205205205203 1.9501847906248333
-0.5005005005005003 1.9538563502928312
-0.4804804804804803 1.957394120422018
-0.4604604604604603 1.960797268803974
-0.4404404404404403 1.9640649632303013
-0.42042042042042027 1.9671963714925607
-0.40040040040040026 1.9701906613823539
-0.38038038038038025 1.9730470006912633
-0.36036036036036023 1.975764557210871
-0.3403403403403402 1.9783424987327614
-0.3203203203203202 1.9807799930485217
-0.3003003003003002 1.9830762079497326
-0.2802802802802802 1.9852303112279834
-0.26026026026026017 1.9872414706748547
-0.24024024024024015 1.9891088540819375
-0.22022022022022014 1.9908316292408088
-0.20020020020020013 1.9924089639430633
-0.18018018018018012 1.9938400259802762
-0.1601601601601601 1.9951239831440368
-0.1401401401401401 1.9962600032259346
-0.12012012012012008 1.9972472540175374
-0.10010010010010006 1.998084903310449
-0.08008008008008005 1.9987721188962517
-0.06006006006006004 1.9993080685665205
-0.040040040040040026 1.9996919201128485
-0.020020020020020013 1.9999228413268106
0.0 2.0
0.020020020020020013 1.999922841326808
0.040040040040040026 1.9996919201128416
0.06006006006006004 1.999308068566516
0.08008008008008005 1.9987721188962468
0.10010010010010006 1.998084903310449
0.12012012012012008 1.9972472540175379
0.1401401401401401 1.9962600032259281
0.1601601601601601 1.9951239831440353
0.18018018018018012 1.9938400259802742
0.20020020020020013 1.9924089639430607
0.22022022022022014 1.9908316292408093
0.24024024024024015 1.9891088540819353
0.26026026026026017 1.987241470674854
0.2802802802802802 1.9852303112279805
0.3003003003003002 1.9830762079497302
0.3203203203203202 1.980779993048518
0.3403403403403402 1.978342498732759
0.36036036036036023 1.9757645572108684
0.38038038038038025 1.9730470006912615
0.40040040040040026 1.9701906613823534
0.42042042042042027 1.9671963714925595
0.4404404404404403 1.964064963230295
0.4604604604604603 1.9607972688039743
0.4804804804804803 1.9573941204220133
0.5005005005005003 1.9538563502928268
0.5205205205205203 1.9501847906248304
0.5405405405405403 1.9463802736264388
0.5605605605605604 1.9424436315060674
0.5805805805805804 1.9383756964721313
0.6006006006006004 1.9341773007330456
0.6206206206206204 1.9298492764972257
0.6406406406406404 1.9253924559730868
0.6606606606606604 1.9208076713690436
0.6806806806806804 1.9160957548935116
0.7007007007007005 1.911257538754906
0.7207207207207205 1.906293855161642
0.7407407407407405 1.9012055363221343
0.7607607607607605 1.8959934144447987
0.7807807807807805 1.8906583217380502
0.8008008008008005 1.8852010904103036
0.8208208208208205 1.8796225526699744
0.8408408408408405 1.873923540725478
0.8608608608608606 1.8681048867852288
0.8808808808808806 1.8621674230576426
0.9009009009009006 1.8561119817511345
0.9209209209209206 1.8499393950741194
0.9409409409409406 1.8436504952350128
0.9609609609609606 1.8372461144422296
0.9809809809809806 1.830727084904185
1.0010010010010006 1.8240942388292944
1.0210210210210207 1.8173484084259726
1.0410410410410407 1.810490425902635
1.0610610610610607 1.8035211234676969
1.0810810810810807 1.796441333329573
1.1011011011011007 1.789251887696679
1.1211211211211207 1.7819536187774296
1.1411411411411407 1.7745473587802405
1.1611611611611607 1.7670339399135262
1.1811811811811808 1.7594141943857025
1.2012012012012008 1.7516889544051844
1.2212212212212208 1.7438590521803865
1.2412412412412408 1.7359253199197249
1.2612612612612608 1.727888589831614
1.2812812812812808 1.7197496941244694
1.3013013013013008 1.7115094650067062
1.3213213213213209 1.7031687346867395
1.3413413413413409 1.694728335372984
1.3613613613613609 1.686189099273856
1.381381381381381 1.6775518585977696
1.401401401401401 1.6688174455531404
1.421421421421421 1.6599866923483837
1.441441441441441 1.6510604311919144
1.461461461461461 1.6420394942921477
1.481481481481481 1.6329247138574987
1.501501501501501 1.6237169220963827
1.521521521521521 1.614416951217215
1.541541541541541 1.605025633428411
1.561561561561561 1.595543800938385
1.581581581581581 1.585972285955553
1.601601601601601 1.5763119206883294
1.621621621621621 1.5665635373451299
1.641641641641641 1.55672796813437
1.661661661661661 1.5468060452644639
1.681681681681681 1.5367986009438275
1.701701701701701 1.526706467380876
1.721721721721721 1.5165304767840238
1.7417417417417411 1.506271461361687
1.7617617617617611 1.4959302533222802
1.7817817817817811 1.485507684874219
1.8018018018018012 1.475004588225918
1.8218218218218212 1.4644217955857928
1.8418418418418412 1.4537601391622585
1.8618618618618612 1.44302045116373
1.8818818818818812 1.4322035637986226
1.9019019019019012 1.4213103092753516
1.9219219219219212 1.4103415198023324
1.9419419419419413 1.3992980275879796
1.9619619619619613 1.3881806648407087
1.9819819819819813 1.3769902637689349
2.0020020020020013 1.365727656581073
2.0220220220220213 1.3543936754855384
2.0420420420420413 1.3429891526907467
2.0620620620620613 1.3315149204051122
2.0820820820820813 1.3199718108370506
2.1021021021021014 1.3083606561949774
2.1221221221221214 1.296682288687307
2.1421421421421414 1.2849375405224555
2.1621621621621614 1.2731272439088368
2.1821821821821814 1.261252231054867
2.2022022022022014 1.249313334168961
2.2222222222222214 1.2373113854595341
2.2422422422422414 1.2252472171350013
2.2622622622622615 1.2131216614037779
2.2822822822822815 1.2009355504742787
2.3023023023023015 1.1886897165549195
2.3223223223223215 1.1763849918541152
2.3423423423423415 1.1640222085802805
2.3623623623623615 1.1516021989418315
2.3823823823823815 1.1391257951471823
2.4024024024024015 1.126593829404749
2.4224224224224216 1.114007133922946
2.4424424424424416 1.1013665409101892
2.4624624624624616 1.088672882574893
2.4824824824824816 1.0759269911254734
2.5025025025025016 1.063129698770345
2.5225225225225216 1.050281837717923
2.5425425425425416 1.0373842401766227
2.5625625625625617 1.0244377383548593
2.5825825825825817 1.0114431644610478
2.6026026026026017 0.9984013507036036
2.6226226226226217 0.9853131292909415
2.6426426426426417 0.972179332431477
2.6626626626626617 0.9590007923336252
2.6826826826826817 0.9457783412058013
2.7027027027027017 0.9325128112564203
2.7227227227227218 0.9192050346938976
2.7427427427427418 0.905855843726648
2.762762762762762 0.892466070563087
2.782782782782782 0.8790365474116297
2.802802802802802 0.8655681064806913
2.822822822822822 0.852061579978687
2.842842842842842 0.8385178001140317
2.862862862862862 0.8249375990951408
2.882882882882882 0.8113218091304292
2.902902902902902 0.7976712624283124
2.922922922922922 0.7839867911972056
2.942942942942942 0.7702692276455234
2.962962962962962 0.7565194039816818
2.982982982982982 0.7427381524140952
3.003003003003002 0.7289263051511794
3.023023023023022 0.7150846944013491
3.043043043043042 0.7012141523730195
3.063063063063062 0.6873155112746063
3.083083083083082 0.6733896033145241
3.103103103103102 0.659437260701188
3.123123123123122 0.6454593156430137
3.143143143143142 0.6314566003484158
3.163163163163162 0.61742994702581
3.183183183183182 0.603380187883611
3.203203203203202 0.5893081551302342
3.223223223223222 0.5752146809740948
3.243243243243242 0.5611005976236079
3.263263263263262 0.5469667372871888
3.283283283283282 0.5328139321732521
3.303303303303302 0.5186430144902137
3.323323323323322 0.5044548164464885
3.343343343343342 0.49025017025049167
3.363363363363362 0.47602990811063817
3.383383383383382 0.4617948622353435
3.403403403403402 0.4475458648330227
3.423423423423422 0.4332837481120906
3.443443443443442 0.41900934428096326
3.4634634634634622 0.4047234855480548
3.4834834834834822 0.3904270041217809
3.5035035035035023 0.37612073221055686
3.5235235235235223 0.36180550202279704
3.5435435435435423 0.3474821457669178
3.5635635635635623 0.33315149565133373
3.5835835835835823 0.3188143838844598
3.6036036036036023 0.3044716426747115
3.6236236236236223 0.29012410423050394
3.6436436436436423 0.2757726007602517
3.6636636636636624 0.2614179644723711
3.6836836836836824 0.2470610275752766
3.7037037037037024 0.23270262227738292
3.7237237237237224 0.21834358078710614
3.7437437437437424 0.20398473531286132
3.7637637637637624 0.18962691806306275
3.7837837837837824 0.17527096124612662
3.8038038038038025 0.16091769707046755
3.8238238238238225 0.14656795774450038
3.8438438438438425 0.1322225754766413
3.8638638638638625 0.11788238247530447
3.8838838838838825 0.10354821094890587
3.9039039039039025 0.08922089310586001
3.9239239239239225 0.07490126115458229
3.9439439439439425 0.060590147303487996
3.9639639639639626 0.046288383760992424
3.9839839839839826 0.03199680273551042
4.004004004004003 0.017716236435457278
4.024024024024023 0.0034475170692476187
4.044044044044043 -0.010808523154702376
4.064064064064063 -0.025051052027978082
4.084084084084083 -0.039279237342163986
4.104104104104103 -0.05349224688884591
4.124124124124123 -0.06768924845960744
4.144144144144143 -0.08186940984603397
4.164164164164163 -0.09603189883971086
4.184184184184183 -0.11017588323222172
4.204204204204203 -0.12430053081515235
4.224224224224223 -0.13840500938008793
4.244244244244243 -0.15248848671861182
4.264264264264263 -0.16655013062231006
4.284284284284283 -0.1805891088827667
4.304304304304303 -0.19460458929156776
4.324324324324323 -0.2085957396402971
4.344344344344343 -0.22256172772053917
4.364364364364363 -0.23650172132388003
4.384384384384383 -0.2504148882419035
4.404404404404403 -0.2643003962661947
4.424424424424423 -0.2781574131883393
4.444444444444443 -0.2919851067999204
4.464464464464463 -0.30578264489252494
4.484484484484483 -0.3195491952577354
4.504504504504503 -0.3332839256871387
4.524524524524523 -0.3469860039723185
4.544544544544543 -0.3606545979048599
4.564564564564563 -0.37428887527634846
4.584584584584583 -0.38788800387836764
4.604604604604603 -0.401451151502503
4.624624624624623 -0.4149774859403399
4.644644644644643 -0.42846617498346173
4.664664664664663 -0.4419163864234552
4.684684684684683 -0.4553272880519039
4.704704704704703 -0.46869804766039236
4.724724724724723 -0.48202783304050634
4.744744744744743 -0.4953158119838299
4.764764764764763 -0.5085611522819495
4.784784784784783 -0.5217630217264471
4.804804804804803 -0.5349205881089103
4.824824824824823 -0.5480330192209226
4.844844844844843 -0.5610994828540694
4.864864864864863 -0.5741191467999345
4.884884884884883 -0.5870911788501041
4.904904904904903 -0.6000147467961621
4.924924924924923 -0.6128890184296938
4.944944944944943 -0.6257131615422828
4.964964964964963 -0.638486343925516
4.984984984984983 -0.6512077333709771
5.005005005005003 -0.6638764976702505
5.025025025025023 -0.6764918046149218
5.045045045045043 -0.6890528219965759
5.065065065065063 -0.701558717606797
5.085085085085083 -0.7140086592371699
5.105105105105103 -0.7264018146792806
5.125125125125123 -0.7387373517247124
5.145145145145143 -0.7510144381650519
5.165165165165163 -0.7632322417918811
5.185185185185183 -0.7753899303967882
5.205205205205203 -0.7874866717713553
5.225225225225223 -0.7995216337071702
5.245245245245243 -0.8114939839958142
5.265265265265263 -0.8234028904288748
5.285285285285283 -0.8352475207979353
5.305305305305303 -0.8470270428945814
5.325325325325323 -0.8587406245103972
5.3453453453453434 -0.870387433436969
5.3653653653653635 -0.8819666374658794
5.3853853853853835 -0.8934774043887148
5.4054054054054035 -0.90491890199706
5.4254254254254235 -0.9162902980824996
5.4454454454454435 -0.927590760436618
5.4654654654654635 -0.9388194568510011
5.4854854854854835 -0.9499755551172329
5.5055055055055035 -0.9610582230268974
5.525525525525524 -0.9720666283715813
5.545545545545544 -0.9829999389428679
5.565565565565564 -0.9938573225323433
5.585585585585584 -1.0046379469315911
5.605605605605604 -1.0153409799321973
5.625625625625624 -1.0259655893257453
5.645645645645647 -1.0365109429038233
5.665665665665667 -1.046976208458012
5.685685685685687 -1.0573605537798967
5.705705705705707 -1.0676631466610647
5.725725725725727 -1.0778831548930987
5.745745745745747 -1.0880197462675847
5.765765765765767 -1.098072088576107
5.785785785785787 -1.1080393496102507
5.805805805805807 -1.1179206971616007
5.825825825825827 -1.1277152990217423
5.845845845845847 -1.1374223229822586
5.865865865865867 -1.1470409368347352
5.885885885885887 -1.1565703083707586
5.905905905905907 -1.166009605381912
5.925925925925927 -1.1753579956597795
5.945945945945947 -1.1846146469959482
5.965965965965967 -1.1937787271820008
5.985985985985987 -1.2028494040095232
6.006006006006007 -1.2118258452701012
6.026026026026027 -1.2207072187553178
6.0460460460460475 -1.229492692256759
6.0660660660660675 -1.238181433566008
6.0860860860860875 -1.2467726104746517
6.1061061061061075 -1.255265390774274
6.1261261261261275 -1.26365894225646
6.1461461461461475 -1.2719524327127942
6.1661661661661675 -1.280145029934861
6.1861861861861875 -1.2882359017142457
6.2062062062062076 -1.2962242158425337
6.226226226226228 -1.3041091401113087
6.246246246246248 -1.3118898423121577
6.266266266266268 -1.3195654902366627
6.286286286286288 -1.3271352516764097
6.306306306306308 -1.3345982944229853
6.326326326326328 -1.341953786267971
6.346346346346348 -1.3492008950029541
6.366366366366368 -1.356338788419519
6.386386386386388 -1.3633666343092488
6.406406406406408 -1.3702836004637318
6.426426426426428 -1.3770888546745494
6.446446446446448 -1.3837815647332876
6.466466466466468 -1.390360898431533
6.486486486486488 -1.396826023560867
6.506506506506508 -1.403176107912878
6.526526526526528 -1.4094103192791474
6.546546546546548 -1.4155278254512638
6.566566566566568 -1.4215277942208084
6.586586586586588 -1.427409393379369
6.606606606606608 -1.4331717907185277
6.626626626626628 -1.4388141540298696
6.646646646646648 -1.4443356511049839
6.666666666666668 -1.449735449735451
6.686686686686688 -1.4550127177128553
6.706706706706708 -1.460166622828785
6.726726726726728 -1.4651963328748225
6.746746746746748 -1.4701010156425545
6.766766766766768 -1.4748798389235622
6.786786786786788 -1.4795319705094343
6.806806806806808 -1.4840565781917556
6.826826826826828 -1.4884528297621076
6.846846846846848 -1.4927198930120777
6.866866866866868 -1.4968569357332493
6.886886886886888 -1.5008631257172098
6.906906906906908 -1.5047376307555398
6.926926926926928 -1.5084796186398295
6.946946946946948 -1.5120882571616603
6.966966966966968 -1.5155627141126162
6.986986986986988 -1.5189021572842822
7.007007007007008 -1.5221057544682477
7.027027027027028 -1.5251726734560922
7.047047047047048 -1.5281020820394033
7.067067067067068 -1.5308931480097652
7.087087087087088 -1.5335450391587626
7.107107107107108 -1.536056923277978
7.127127127127128 -1.5384279681590005
7.147147147147148 -1.5406573415934126
7.167167167167168 -1.5427442113727992
7.187187187187188 -1.5446877452887469
7.207207207207208 -1.5464871111328389
7.227227227227228 -1.5481414766966592
7.247247247247248 -1.549650009771793
7.267267267267268 -1.5510118781498266
7.287287287287288 -1.5522262496223451
7.307307307307308 -1.5532922919809309
7.327327327327328 -1.5542091730171714
7.347347347347348 -1.554976060522649
7.367367367367368 -1.5555921222889486
7.387387387387388 -1.5560565261076595
7.407407407407408 -1.5563684397703597
7.427427427427428 -1.5565270310686392
7.447447447447448 -1.5565314677940814
7.467467467467468 -1.556380917738271
7.487487487487488 -1.556074548692794
7.507507507507508 -1.5556115284492318
7.527527527527528 -1.5549910247991718
7.547547547547548 -1.5542122055341991
7.567567567567568 -1.5532742384458968
7.5875875875875884 -1.5521762913258517
7.6076076076076085 -1.5509175319656467
7.6276276276276285 -1.5494971281568697
7.6476476476476485 -1.547914247691101
7.6676676676676685 -1.5461680583599309
7.6876876876876885 -1.544257727954939
7.7077077077077085 -1.542182424267713
7.7277277277277285 -1.5399413150898376
7.7477477477477485 -1.537533568212897
7.767767767767769 -1.5349583514284753
7.787787787787789 -1.53221483252816
7.807807807807809 -1.5293021793035315
7.827827827827829 -1.5262195595461794
7.847847847847849 -1.5229661410476876
7.867867867867869 -1.5195410915996366
7.887887887887889 -1.5159435789936158
7.907907907907909 -1.5121727710212074
7.927927927927929 -1.5082278354740009
7.947947947947949 -1.5041079401435749
7.967967967967969 -1.4998122528215205
7.987987987987989 -1.4953399412994148
8.008008008008009 -1.4906901733688471
8.028028028028029 -1.4858621168214032
8.048048048048049 -1.480854939448669
8.068068068068069 -1.475667809042223
8.088088088088089 -1.4702998933936584
8.108108108108109 -1.4647503602945537
8.128128128128129 -1.4590183775364967
8.148148148148149 -1.4531031129110694
8.168168168168169 -1.4470037342098578
8.188188188188189 -1.4407194092244513
8.208208208208209 -1.4342493057464267
8.228228228228229 -1.427592591567377
8.248248248248249 -1.420748434478881
8.268268268268269 -1.4137160022725261
8.288288288288289 -1.4064944627398983
8.308308308308309 -1.399082983672578
8.328328328328329 -1.3914807328621546
8.348348348348349 -1.3836868781002103
8.368368368368369 -1.3757005871783328
8.388388388388389 -1.3675210278881025
8.408408408408409 -1.3591473680211088
8.428428428428429 -1.3505787753689305
8.448448448448449 -1.3418144177231603
8.468468468468469 -1.3328534628753772
8.488488488488489 -1.3236950786171668
8.508508508508509 -1.3143384327401169
8.528528528528529 -1.3047826930358113
8.548548548548549 -1.2950270272958324
8.568568568568569 -1.2850706033117678
8.588588588588589 -1.2749125888751998
8.608608608608609 -1.2645521517777158
8.62862862862863 -1.2539884598108983
8.64864864864865 -1.2432206807663349
8.66866866866867 -1.2322479824356076
8.68868868868869 -1.2210695326103043
8.70870870870871 -1.2096844990820053
8.72872872872873 -1.1980920496422982
8.74874874874875 -1.1862913520827707
8.76876876876877 -1.1742815741949997
8.78878878878879 -1.162061883770578
8.80880880880881 -1.1496314486010881
8.82882882882883 -1.1369894364781157
8.84884884884885 -1.1241350151932412
8.86886886886887 -1.111067352538054
8.88888888888889 -1.0977856163041348
8.90890890890891 -1.084288974283071
8.92892892892893 -1.070576594266452
8.94894894894895 -1.0566476440458512
8.96896896896897 -1.0425012914128668
8.98898898898899 -1.028136704159074
9.00900900900901 -1.0135530500760588
9.02902902902903 -0.9987494969554103
9.04904904904905 -0.9837252125887108
9.06906906906907 -0.9684793647675463
9.08908908908909 -0.9530111212834989
9.10910910910911 -0.9373196499281544
9.12912912912913 -0.9214041184931006
9.14914914914915 -0.9052636947699177
9.16916916916917 -0.8888975465501918
9.18918918918919 -0.8723048416255157
9.20920920920921 -0.855484747787461
9.22922922922923 -0.8384364328276206
9.24924924924925 -0.8211590645375786
9.26926926926927 -0.8036518107089172
9.28928928928929 -0.7859138391332259
9.30930930930931 -0.767944317602085
9.32932932932933 -0.7497424139070805
9.34934934934935 -0.7313072958397964
9.36936936936937 -0.7126381311918184
9.38938938938939 -0.6937340877547342
9.40940940940941 -0.6745943333201261
9.42942942942943 -0.655218035679578
9.44944944944945 -0.6356043626246777
9.46946946946947 -0.6157524819470055
9.48948948948949 -0.5956615614381473
9.50950950950951 -0.5753307688896925
9.52952952952953 -0.5547592720932215
9.54954954954955 -0.5339462388403238
9.56956956956957 -0.5128908369225762
9.58958958958959 -0.4915922341315717
9.60960960960961 -0.47004959825888903
9.62962962962963 -0.44826209709611575
9.64964964964965 -0.4262288984348377
9.66966966966967 -0.4039491700666389
9.68968968968969 -0.38142207978310516
9.70970970970971 -0.358646795375817
9.72972972972973 -0.3356224846363638
9.74974974974975 -0.3123483153563278
9.76976976976977 -0.2888234553272966
9.78978978978979 -0.26504707234085245
9.80980980980981 -0.24101833418858476
9.82982982982983 -0.21673640866206867
9.84984984984985 -0.19220046355289355
9.86986986986987 -0.16740966665265233
9.88988988988989 -0.14236318575292373
9.90990990990991 -0.11706018864528644
9.92992992992993 -0.09149984312133697
9.94994994994995 -0.0656813169726469
9.96996996996997 -0.039603777990812716
9.98998998998999 -0.01326639396741669
10.01001001001001 0.013331639078507063
10.03003003003003 0.04019047589645213
10.05005005005005 0.06730962200445695
10.07007007007007 0.09468855469310376
10.09009009009009 0.12232675125297472
10.11011011011011 0.1502236889746521
10.13013013013013 0.17837884514871805
10.15015015015015 0.20679169706575481
10.17017017017017 0.2354617220163446
10.19019019019019 0.2643883972910696
10.21021021021021 0.2935712001805121
10.23023023023023 0.32300960797525413
10.25025025025025 0.3527030979658781
10.27027027027027 0.38265114744296613
10.29029029029029 0.4128532336971004
10.31031031031031 0.44330883401886323
10.33033033033033 0.4740174256988366
10.35035035035035 0.5049784860276031
10.37037037037037 0.5361914922957445
10.39039039039039 0.5676559217938432
10.41041041041041 0.5993712518124815
10.43043043043043 0.6313369596422416
10.45045045045045 0.6635525225737057
10.47047047047047 0.6960174178974559
10.49049049049049 0.7287311229040743
10.51051051051051 0.7616931148841434
10.53053053053053 0.7949028711282453
10.55055055055055 0.8283598689269621
10.57057057057057 0.8620635855708764
10.59059059059059 0.8960134983505698
10.61061061061061 0.9302090845566249
10.63063063063063 0.9646498214796239
10.65065065065065 0.9993351864101488
10.67067067067067 1.034264656638782
10.69069069069069 1.0694377094561058
10.71071071071071 1.1048538221527022
10.73073073073073 1.1405124720191535
10.75075075075075 1.1764131363460417
10.77077077077077 1.2125552924239493
10.79079079079079 1.2489384175434586
10.81081081081081 1.2855619889951515
10.83083083083083 1.3224254840696101
10.85085085085085 1.359528380057417
10.87087087087087 1.3968701542491542
10.89089089089089 1.434450283935404
10.91091091091091 1.4722682464067487
10.93093093093093 1.5103235189537703
10.95095095095095 1.5486155788670508
10.97097097097097 1.5871439034371728
10.99099099099099 1.6259079699547185
11.01101101101101 1.6649072557102702
11.03103103103103 1.7041412379944099
11.05105105105105 1.7436093940977195
11.07107107107107 1.7833112013107817
11.09109109109109 1.8232461369241786
11.11111111111111 1.8634136782284922
11.13113113113113 1.903813302514305
11.15115115115115 1.944444487072199
11.17117117117117 1.9853067091927563
11.19119119119119 2.0263994461665598
11.21121121121121 2.0677221752841906
11.23123123123123 2.109274373836232
11.25125125125125 2.1510555191132656
11.27127127127127 2.1930650884058736
11.29129129129129 2.235302559004639
11.31131131131131 2.277767408200142
11.33133133133133 2.3204591132829675
11.35135135135135 2.363377151543695
11.37137137137137 2.4065210002729094
11.391391391391391 2.449890136761191
11.411411411411411 2.4934840382991226
11.431431431431431 2.537302182177286
11.451451451451451 2.581344045686264
11.471471471471471 2.6256091061166393
11.491491491491491 2.670096840758993
11.511511511511511 2.714806726903908
11.531531531531531 2.759738241841966
11.551551551551551 2.8048908628637492
11.571571571571571 2.8502640672598405
11.591591591591591 2.8958573323208214
11.611611611611611 2.941670135337275
11.631631631631631 2.987701953599782
11.651651651651651 3.033952264398926
11.671671671671671 3.0804205450252886
11.691691691691691 3.127106272769452
11.711711711711711 3.174008924921999
11.731731731731731 3.2211279787735103
11.751751751751751 3.2684629116145705
11.771771771771771 3.3160132007357594
11.791791791791791 3.363778323427661
11.811811811811811 3.4117577569808564
11.831831831831831 3.4599509786859284
11.851851851851851 3.508357465833458
11.871871871871871 3.55697669571403
11.891891891891891 3.6058081456182243
11.911911911911911 3.6548512928366237
11.931931931931931 3.704105614659811
11.951951951951951 3.753570588378367
11.971971971971971 3.803245691282876
11.991991991991991 3.853130400663918
12.012012012012015 3.903224193812086
12.032032032032035 3.9535265480179436
12.052052052052055 4.004036940572082
12.072072072072075 4.054754848765082
12.092092092092095 4.105679749887528
12.112112112112115 4.156811121230001
12.132132132132135 4.208148440083085
12.152152152152155 4.259691183737359
12.172172172172175 4.311438829483408
12.192192192192195 4.363390854611812
12.212212212212215 4.415546736413155
12.232232232232235 4.467905952178019
12.252252252252255 4.520467979196986
12.272272272272275 4.573232294760637
12.292292292292295 4.6261983761595555
12.312312312312315 4.679365700684325
12.332332332332335 4.732733745625524
12.352352352352355 4.786301988273737
12.372372372372375 4.840069905919546
12.392392392392395 4.894036975853535
12.412412412412415 4.948202675366282
12.432432432432435 5.0025664817483735
12.452452452452455 5.05712787229039
12.472472472472475 5.111886324282913
12.492492492492495 5.166841315016524
12.512512512512515 5.2219923217818085
12.532532532532535 5.277338821869345
12.552552552552555 5.332880292569719
12.572572572572575 5.3886162111735105
12.592592592592595 5.444546054971302
12.612612612612615 5.500669301253677
12.632632632632635 5.556985427311216
12.652652652652655 5.613493910434503
12.672672672672675 5.670194227914117
12.692692692692695 5.727085857040644
12.712712712712715 5.784168275104665
12.732732732732735 5.841440959396761
12.752752752752755 5.898903387207515
12.772772772772775 5.956555035827509
12.792792792792795 6.014395382547326
12.812812812812815 6.072423904657548
12.832832832832835 6.130640079448756
12.852852852852855 6.189043384211533
12.872872872872875 6.247633296236462
12.892892892892895 6.3064092928141235
12.912912912912915 6.3653708512351015
12.932932932932935 6.4245174487899765
12.952952952952955 6.483848562769333
12.972972972972975 6.543363670463751
12.992992992992995 6.603062249163813
13.013013013013015 6.662943776160104
13.033033033033036 6.723007728743201
13.053053053053056 6.783253584203691
13.073073073073076 6.843680819832154
13.093093093093096 6.9042889129191725
13.113113113113116 6.965077340755329
13.133133133133136 7.026045580631204
13.153153153153156 7.087193109837383
13.173173173173176 7.148519405664447
13.193193193193196 7.210023945402977
13.213213213213216 7.271706206343553
13.233233233233236 7.333565665776763
13.253253253253256 7.3956018009931865
13.273273273273276 7.457814089283404
13.293293293293296 7.520202007938001
13.313313313313316 7.582765034247555
13.333333333333336 7.645502645502654
13.353353353353356 7.708414318993876
13.373373373373376 7.771499532011805
13.393393393393396 7.834757761847021
13.413413413413416 7.89818848579011
13.433433433433436 7.96179118113165
13.453453453453456 8.025565325162228
13.473473473473476 8.089510395172422
13.493493493493496 8.153625868452815
13.513513513513516 8.217911222293992
13.533533533533536 8.282365933986531
13.553553553553556 8.346989480821017
13.573573573573576 8.411781340088034
13.593593593593596 8.476740989078158
13.613613613613616 8.541867905081979
13.633633633633636 8.607161565390072
13.653653653653656 8.672621447293023
13.673673673673676 8.738247028081414
13.693693693693696 8.804037785045827
13.713713713713716 8.869993195476846
13.733733733733736 8.936112736665049
13.753753753753756 9.00239588590102
13.773773773773776 9.068842120475344
13.793793793793796 9.135450917678599
13.813813813813816 9.202221754801371
13.833833833833836 9.269154109134236
13.853853853853856 9.336247457967785
13.873873873873876 9.403501278592593
13.893893893893896 9.470915048299247
13.913913913913916 9.538488244378327
13.933933933933936 9.606220344120413
13.953953953953956 9.674110824816092
13.973973973973976 9.742159163755943
13.993993993993996 9.81036483823055
14.014014014014016 9.878727325530491
14.034034034034036 9.947246102946355
14.054054054054056 10.01592064776872
14.074074074074076 10.084750437288168
14.094094094094096 10.15373494879528
14.114114114114116 10.222873659580644
14.134134134134136 10.292166046934836
14.154154154154156 10.361611588148442
14.174174174174176 10.431209760512042
14.194194194194196 10.500960041316223
14.214214214214216 10.570861907851558
14.234234234234236 10.640914837408637
14.254254254254256 10.711118307278037
14.274274274274276 10.781471794750345
14.294294294294296 10.851974777116142
14.314314314314316 10.922626731666009
14.334334334334336 10.993427135690528
14.354354354354356 11.06437546648028
14.374374374374376 11.135471201325853
14.394394394394396 11.206713817517823
14.414414414414416 11.278102792346774
14.434434434434436 11.349637603103288
14.454454454454456 11.421317727077948
14.474474474474476 11.493142641561338
14.494494494494496 11.565111823844038
14.514514514514516 11.637224751216628
14.534534534534536 11.709480900969695
14.554554554554556 11.781879750393818
14.574574574574577 11.85442077677958
14.594594594594597 11.927103457417562
14.614614614614617 11.999927269598349
14.634634634634637 12.072891690612522
14.654654654654657 12.145996197750662
14.674674674674677 12.219240268303354
14.694694694694697 12.292623379561176
14.714714714714717 12.366145008814712
14.734734734734737 12.439804633354548
14.754754754754757 12.51360173047126
14.774774774774777 12.587535777455432
14.794794794794797 12.66160625159765
14.814814814814817 12.735812630188494
14.834834834834837 12.810154390518546
14.854854854854857 12.884631009878387
14.874874874874877 12.959241965558599
14.894894894894897 13.033986734849767
14.914914914914917 13.108864795042471
14.934934934934937 13.183875623427294
14.954954954954957 13.259018697294819
14.974974974974977 13.334293493935625
14.994994994994997 13.409699490640298
15.015015015015017 13.485236164699419
15.035035035035037 13.56090299340357
15.055055055055057 13.636699454043331
15.075075075075077 13.712625023909288
15.095095095095097 13.788679180292021
15.115115115115117 13.864861400482113
15.135135135135137 13.941171161770146
15.155155155155157 14.017607941446702
15.175175175175177 14.094171216802366
15.195195195195197 14.170860465127713
15.215215215215217 14.247675163713332
15.235235235235237 14.3246147898498
15.255255255255257 14.401678820827707
15.275275275275277 14.478866733937629
15.295295295295297 14.556178006470148
15.315315315315317 14.633612115715847
15.335335335335337 14.71116853896531
15.355355355355357 14.788846753509121
15.375375375375377 14.866646236637857
15.395395395395397 14.944566465642103
15.415415415415417 15.02260691781244
15.435435435435437 15.100767070439453
15.455455455455457 15.179046400813721
15.475475475475477 15.257444386225824
15.495495495495497 15.335960503966353
15.515515515515517 15.414594231325884
15.535535535535537 15.493345045595001
15.555555555555557 15.572212424064286
15.575575575575577 15.651195844024315
15.595595595595597 15.730294782765679
15.615615615615617 15.809508717578957
15.635635635635637 15.888837125754732
15.655655655655657 15.968279484583583
15.675675675675677 16.047835271356096
15.695695695695697 16.127503963362855
15.715715715715717 16.207285037894433
15.735735735735737 16.287177972241423
15.755755755755757 16.3671822436944
15.775775775775777 16.44729732954395
15.795795795795797 16.52752270708065
15.815815815815817 16.60785785359509
15.835835835835837 16.688302246377848
15.855855855855857 16.768855362719503
15.875875875875877 16.849516679910643
15.895895895895897 16.93028567524185
15.915915915915917 17.0111618260037
15.935935935935937 17.09214460948678
15.955955955955957 17.173233502981677
15.975975975975977 17.254427983778964
15.995995995995997 17.335727529169226
16.016016016016017 17.41713161644305
16.036036036036037 17.498639722891006
16.056056056056057 17.58025132580369
16.076076076076077 17.66196590247168
16.096096096096097 17.74378293018556
16.116116116116117 17.8257018862359
16.136136136136138 17.9077222479133
16.156156156156158 17.989843492508324
16.176176176176178 18.072065097311572
16.196196196196198 18.15438653961361
16.216216216216218 18.236807296705038
16.236236236236238 18.31932684587642
16.256256256256258 18.401944664418355
16.276276276276278 18.48466022962141
16.296296296296298 18.567473018776184
16.316316316316318 18.65038250917324
16.336336336336338 18.73338817810317
16.356356356356358 18.81648950285656
16.376376376376378 18.899685960723982
16.396396396396398 18.98297702899603
16.416416416416418 19.066362184963275
16.436436436436438 19.14984090591631
16.456456456456458 19.233412669145707
16.476476476476478 19.31707695194205
16.496496496496498 19.400833231595932
16.516516516516518 19.484680985397926
16.536536536536538 19.568619690638613
16.556556556556558 19.652648824608583
16.576576576576578 19.736767864598406
16.596596596596598 19.820976287898674
16.616616616616618 19.905273571799963
16.636636636636638 19.989659193592864
16.656656656656658 20.07413263056795
16.676676676676678 20.15869336001581
16.696696696696698 20.243340859227025
16.716716716716718 20.32807460549217
16.736736736736738 20.412894076101836
16.756756756756758 20.497798748346604
16.776776776776778 20.58278809951705
16.796796796796798 20.66786160690376
16.816816816816818 20.75301874779732
16.836836836836838 20.838258999488303
16.856856856856858 20.923581839267303
16.876876876876878 21.00898674442489
16.896896896896898 21.09447319225166
16.916916916916918 21.180040660038184
16.936936936936938 21.265688625075043
16.956956956956958 21.35141656465283
16.976976976976978 21.43722395606212
16.996996996996998 21.523110276593496
17.017017017017018 21.609075003537537
17.037037037037038 21.69511761418483
17.057057057057058 21.781237585825966
17.077077077077078 21.86743439575151
17.097097097097098 21.95370752125205
17.117117117117118 22.04005643961817
17.137137137137138 22.12648062814045
17.157157157157158 22.212979564109478
17.177177177177178 22.299552724815833
17.197197197197198 22.386199587550095
17.217217217217218 22.472919629602842
17.237237237237238 22.559712328264673
17.25725725725726 22.64657716082615
17.27727727727728 22.733513604577865
17.2972972972973 22.820521136810406
17.31731731731732 22.907599234814345
17.33733733733734 22.99474737588027
17.35735735735736 23.081965037298758
17.37737737737738 23.169251696360394
17.3973973973974 23.25660683035576
17.41741741741742 23.344029916575444
17.43743743743744 23.431520432310016
17.45745745745746 23.51907785485007
17.47747747747748 23.60670166148618
17.4974974974975 23.694391329508935
17.51751751751752 23.78214633620891
17.53753753753754 23.869966158876696
17.55755755755756 23.95785027480287
17.57757757757758 24.04579816127801
17.5975975975976 24.13380929559271
17.61761761761762 24.22188315503754
17.63763763763764 24.310019216903086
17.65765765765766 24.39821695847993
17.67767767767768 24.48647585705866
17.6976976976977 24.574795389929847
17.71771771771772 24.663175034384086
17.73773773773774 24.75161426771195
17.75775775775776 24.840112567204027
17.77777777777778 24.9286694101509
17.7977977977978 25.01728427384314
17.81781781781782 25.105956635571342
17.83783783783784 25.19468597262608
17.85785785785786 25.283471762297943
17.87787787787788 25.372313481877505
17.8978978978979 25.461210608655357
17.91791791791792 25.550162619922077
17.93793793793794 25.639168992968244
17.95795795795796 25.728229205084446
17.97797797797798 25.81734273356126
17.997997997998 25.906509055689273
18.01801801801802 25.99572764875907
18.03803803803804 26.08499799006122
18.05805805805806 26.174319556886314
18.07807807807808 26.263691826524934
18.0980980980981 26.353114276267664
18.11811811811812 26.44258638340509
18.13813813813814 26.532107625227777
18.15815815815816 26.621677479026328
18.17817817817818 26.711295422091307
18.1981981981982 26.80096093171331
18.21821821821822 26.890673485182916
18.23823823823824 26.980432559790703
18.25825825825826 27.07023763282725
18.27827827827828 27.160088181583152
18.2982982982983 27.249983683348987
18.31831831831832 27.33992361541533
18.33833833833834 27.42990745507277
18.35835835835836 27.519934679611886
18.37837837837838 27.610004766323254
18.3983983983984 27.700117192497462
18.41841841841842 27.790271435425105
18.43843843843844 27.880466972396746
18.45845845845846 27.970703280702978
18.47847847847848 28.06097983763437
18.4984984984985 28.15129612048153
18.51851851851852 28.24165160653502
18.53853853853854 28.33204577308542
18.55855855855856 28.422478097423316
18.57857857857858 28.5129480568393
18.5985985985986 28.603455128623942
18.61861861861862 28.69399879006783
18.63863863863864 28.78457851846156
18.65865865865866 28.875193791095683
18.67867867867868 28.96584408526081
18.6986986986987 29.056528878247505
18.71871871871872 29.147247647346354
18.73873873873874 29.237999869847936
18.75875875875876 29.32878502304285
18.77877877877878 29.41960258422166
18.7987987987988 29.510452030674966
18.81881881881882 29.601332839693335
18.83883883883884 29.692244488567347
18.85885885885886 29.78318645458759
18.87887887887888 29.874158215044652
18.8988988988989 29.96515924722911
18.91891891891892 30.056189028431547
18.93893893893894 30.14724703594254
18.95895895895896 30.23833274705268
18.97897897897898 30.329445639052544
18.998998998999 30.420585189232725
19.01901901901902 30.511750874883784
19.03903903903904 30.602942173296313
19.05905905905906 30.694158561760904
19.07907907907908 30.78539951756813
19.0990990990991 30.87666451800857
19.11911911911912 30.967953040372812
19.13913913913914 31.059264561951437
19.15915915915916 31.150598560035025
19.17917917917918 31.241954511914166
19.1991991991992 31.33333189487944
19.21921921921922 31.424730186221417
19.23923923923924 31.516148863230686
19.25925925925926 31.607587403197833
19.27927927927928 31.699045283413447
19.2992992992993 31.790521981168087
19.31931931931932 31.882016973752364
19.33933933933934 31.97352973845683
19.35935935935936 32.0650597525721
19.37937937937938 32.15660649338873
19.3993993993994 32.24816943819731
19.41941941941942 32.33974806428842
19.43943943943944 32.431341848952655
19.45945945945946 32.52295026948059
19.47947947947948 32.614572803162794
19.4994994994995 32.70620892728987
19.51951951951952 32.797858119152394
19.53953953953954 32.88951985604094
19.55955955955956 32.98119361524609
19.57957957957958 33.072878874058446
19.5995995995996 33.16457510976856
19.61961961961962 33.256281799667036
19.63963963963964 33.34799842104445
19.65965965965966 33.43972445119138
19.67967967967968 33.53145936739841
19.6996996996997 33.62320264695614
19.71971971971972 33.71495376715512
19.73973973973974 33.80671220528596
19.75975975975976 33.89847743863923
19.77977977977978 33.99024894450551
19.7997997997998 34.082026200175385
19.81981981981982 34.17380868293944
19.83983983983984 34.265595870088255
19.85985985985986 34.35738723891241
19.87987987987988 34.44918226670249
19.8998998998999 34.54098043074909
19.91991991991992 34.63278120834276
19.93993993993994 34.724584076774114
19.95995995995996 34.81638851333371
19.97997997997998 34.90819399531215
20.0 35.00000000000001
